       0
 3.184e-007
 1.274e-006
 2.866e-006
 5.095e-006
 7.96e-006
 1.146e-005
 1.56e-005
 2.038e-005
 2.579e-005
 3.184e-005
 3.853e-005
 4.585e-005
 5.381e-005
 6.241e-005
 7.164e-005
 8.151e-005
 9.202e-005
 0.0001032
 0.0001149
 0.0001274
 0.0001404
 0.0001541
 0.0001684
 0.0001834
 0.000199
 0.0002152
 0.0002321
 0.0002496
 0.0002678
 0.0002865
 0.000306
 0.000326
 0.0003467
 0.000368
 0.00039
 0.0004126
 0.0004358
 0.0004597
 0.0004842
 0.0005094
 0.0005352
 0.0005616
 0.0005886
 0.0006163
 0.0006446
 0.0006736
 0.0007032
 0.0007334
 0.0007643
 0.0007958
 0.000828
 0.0008607
 0.0008942
 0.0009282
 0.0009629
 0.0009982
 0.001034
 0.001071
 0.001108
 0.001146
 0.001184
 0.001224
 0.001263
 0.001304
 0.001345
 0.001386
 0.001429
 0.001472
 0.001515
 0.001559
 0.001604
 0.00165
 0.001696
 0.001743
 0.00179
 0.001838
 0.001887
 0.001936
 0.001986
 0.002037
 0.002088
 0.00214
 0.002192
 0.002245
 0.002299
 0.002353
 0.002408
 0.002464
 0.00252
 0.002577
 0.002635
 0.002693
 0.002752
 0.002811
 0.002871
 0.002932
 0.002993
 0.003055
 0.003118
 0.003181
 0.003245
 0.003309
 0.003374
 0.00344
 0.003507
 0.003574
 0.003641
 0.00371
 0.003779
 0.003848
 0.003918
 0.003989
 0.004061
 0.004133
 0.004205
 0.004279
 0.004353
 0.004427
 0.004503
 0.004579
 0.004655
 0.004732
 0.00481
 0.004888
 0.004968
 0.005047
 0.005127
 0.005208
 0.00529
 0.005372
 0.005455
 0.005538
 0.005623
 0.005707
 0.005793
 0.005879
 0.005965
 0.006052
 0.00614
 0.006229
 0.006318
 0.006408
 0.006498
 0.006589
 0.006681
 0.006773
 0.006866
 0.006959
 0.007054
 0.007148
 0.007244
 0.00734
 0.007437
 0.007534
 0.007632
 0.00773
 0.007829
 0.007929
 0.00803
 0.008131
 0.008233
 0.008335
 0.008438
 0.008541
 0.008646
 0.00875
 0.008856
 0.008962
 0.009069
 0.009176
 0.009284
 0.009392
 0.009502
 0.009612
 0.009722
 0.009833
 0.009945
 0.01006
 0.01017
 0.01028
  0.0104
 0.01051
 0.01063
 0.01074
 0.01086
 0.01098
  0.0111
 0.01121
 0.01133
 0.01145
 0.01157
  0.0117
 0.01182
 0.01194
 0.01206
 0.01219
 0.01231
 0.01243
 0.01256
 0.01269
 0.01281
 0.01294
 0.01307
  0.0132
 0.01333
 0.01346
 0.01359
 0.01372
 0.01385
 0.01398
 0.01411
 0.01425
 0.01438
 0.01452
 0.01465
 0.01479
 0.01492
 0.01506
  0.0152
 0.01534
 0.01548
 0.01562
 0.01576
  0.0159
 0.01604
 0.01618
 0.01632
 0.01647
 0.01661
 0.01676
  0.0169
 0.01705
 0.01719
 0.01734
 0.01749
 0.01764
 0.01779
 0.01794
 0.01809
 0.01824
 0.01839
 0.01854
 0.01869
 0.01885
   0.019
 0.01915
 0.01931
 0.01947
 0.01962
 0.01978
 0.01994
 0.02009
 0.02025
 0.02041
 0.02057
 0.02073
 0.02089
 0.02106
 0.02122
 0.02138
 0.02155
 0.02171
 0.02187
 0.02204
 0.02221
 0.02237
 0.02254
 0.02271
 0.02288
 0.02305
 0.02322
 0.02339
 0.02356
 0.02373
  0.0239
 0.02407
 0.02425
 0.02442
  0.0246
 0.02477
 0.02495
 0.02512
  0.0253
 0.02548
 0.02566
 0.02584
 0.02602
  0.0262
 0.02638
 0.02656
 0.02674
 0.02692
 0.02711
 0.02729
 0.02747
 0.02766
 0.02784
 0.02803
 0.02822
  0.0284
 0.02859
 0.02878
 0.02897
 0.02916
 0.02935
 0.02954
 0.02973
 0.02993
 0.03012
 0.03031
 0.03051
  0.0307
  0.0309
 0.03109
 0.03129
 0.03148
 0.03168
 0.03188
 0.03208
 0.03228
 0.03248
 0.03268
 0.03288
 0.03308
 0.03328
 0.03349
 0.03369
  0.0339
  0.0341
 0.03431
 0.03451
 0.03472
 0.03493
 0.03513
 0.03534
 0.03555
 0.03576
 0.03597
 0.03618
 0.03639
  0.0366
 0.03682
 0.03703
 0.03724
 0.03746
 0.03767
 0.03789
  0.0381
 0.03832
 0.03854
 0.03876
 0.03897
 0.03919
 0.03941
 0.03963
 0.03985
 0.04008
  0.0403
 0.04052
 0.04074
 0.04097
 0.04119
 0.04142
 0.04164
 0.04187
 0.04209
 0.04232
 0.04255
 0.04278
 0.04301
 0.04324
 0.04347
  0.0437
 0.04393
 0.04416
 0.04439
 0.04463
 0.04486
 0.04509
 0.04533
 0.04557
  0.0458
 0.04604
 0.04628
 0.04651
 0.04675
 0.04699
 0.04723
 0.04747
 0.04771
 0.04795
 0.04819
 0.04844
 0.04868
 0.04892
 0.04917
 0.04941
 0.04966
  0.0499
 0.05015
  0.0504
 0.05064
 0.05089
 0.05114
 0.05139
 0.05164
 0.05189
 0.05214
 0.05239
 0.05265
  0.0529
 0.05315
 0.05341
 0.05366
 0.05392
 0.05417
 0.05443
 0.05469
 0.05494
  0.0552
 0.05546
 0.05572
 0.05598
 0.05624
  0.0565
 0.05676
 0.05702
 0.05729
 0.05755
 0.05781
 0.05808
 0.05834
 0.05861
 0.05887
 0.05914
 0.05941
 0.05967
 0.05994
 0.06021
 0.06048
 0.06075
 0.06102
 0.06129
 0.06156
 0.06184
 0.06211
 0.06238
 0.06266
 0.06293
  0.0632
 0.06348
 0.06376
 0.06403
 0.06431
 0.06459
 0.06487
 0.06515
 0.06543
 0.06571
 0.06599
 0.06627
 0.06655
 0.06683
 0.06711
  0.0674
 0.06768
 0.06797
 0.06825
 0.06854
 0.06882
 0.06911
  0.0694
 0.06968
 0.06997
 0.07026
 0.07055
 0.07084
 0.07113
 0.07142
 0.07171
 0.07201
  0.0723
 0.07259
 0.07289
 0.07318
 0.07348
 0.07377
 0.07407
 0.07437
 0.07466
 0.07496
 0.07526
 0.07556
 0.07586
 0.07616
 0.07646
 0.07676
 0.07706
 0.07736
 0.07766
 0.07797
 0.07827
 0.07858
 0.07888
 0.07919
 0.07949
  0.0798
 0.08011
 0.08041
 0.08072
 0.08103
 0.08134
 0.08165
 0.08196
 0.08227
 0.08258
 0.08289
 0.08321
 0.08352
 0.08383
 0.08415
 0.08446
 0.08478
 0.08509
 0.08541
 0.08573
 0.08604
 0.08636
 0.08668
   0.087
 0.08732
 0.08764
 0.08796
 0.08828
  0.0886
 0.08892
 0.08924
 0.08957
 0.08989
 0.09022
 0.09054
 0.09087
 0.09119
 0.09152
 0.09184
 0.09217
  0.0925
 0.09283
 0.09316
 0.09349
 0.09382
 0.09415
 0.09448
 0.09481
 0.09514
 0.09547
 0.09581
 0.09614
 0.09648
 0.09681
 0.09715
 0.09748
 0.09782
 0.09815
 0.09849
 0.09883
 0.09917
 0.09951
 0.09985
  0.1002
  0.1005
  0.1009
  0.1012
  0.1016
  0.1019
  0.1022
  0.1026
  0.1029
  0.1033
  0.1036
   0.104
  0.1043
  0.1047
   0.105
  0.1053
  0.1057
   0.106
  0.1064
  0.1067
  0.1071
  0.1074
  0.1078
  0.1081
  0.1085
  0.1089
  0.1092
  0.1096
  0.1099
  0.1103
  0.1106
   0.111
  0.1113
  0.1117
   0.112
  0.1124
  0.1128
  0.1131
  0.1135
  0.1138
  0.1142
  0.1146
  0.1149
  0.1153
  0.1156
   0.116
  0.1164
  0.1167
  0.1171
  0.1175
  0.1178
  0.1182
  0.1186
  0.1189
  0.1193
  0.1197
    0.12
  0.1204
  0.1208
  0.1211
  0.1215
  0.1219
  0.1223
  0.1226
   0.123
  0.1234
  0.1237
  0.1241
  0.1245
  0.1249
  0.1252
  0.1256
   0.126
  0.1264
  0.1267
  0.1271
  0.1275
  0.1279
  0.1283
  0.1286
   0.129
  0.1294
  0.1298
  0.1302
  0.1305
  0.1309
  0.1313
  0.1317
  0.1321
  0.1325
  0.1328
  0.1332
  0.1336
   0.134
  0.1344
  0.1348
  0.1352
  0.1356
  0.1359
  0.1363
  0.1367
  0.1371
  0.1375
  0.1379
  0.1383
  0.1387
  0.1391
  0.1395
  0.1399
  0.1403
  0.1406
   0.141
  0.1414
  0.1418
  0.1422
  0.1426
   0.143
  0.1434
  0.1438
  0.1442
  0.1446
   0.145
  0.1454
  0.1458
  0.1462
  0.1466
   0.147
  0.1474
  0.1478
  0.1482
  0.1486
   0.149
  0.1494
  0.1498
  0.1502
  0.1507
  0.1511
  0.1515
  0.1519
  0.1523
  0.1527
  0.1531
  0.1535
  0.1539
  0.1543
  0.1547
  0.1552
  0.1556
   0.156
  0.1564
  0.1568
  0.1572
  0.1576
   0.158
  0.1585
  0.1589
  0.1593
  0.1597
  0.1601
  0.1605
   0.161
  0.1614
  0.1618
  0.1622
  0.1626
   0.163
  0.1635
  0.1639
  0.1643
  0.1647
  0.1651
  0.1656
   0.166
  0.1664
  0.1668
  0.1673
  0.1677
  0.1681
  0.1685
   0.169
  0.1694
  0.1698
  0.1702
  0.1707
  0.1711
  0.1715
   0.172
  0.1724
  0.1728
  0.1732
  0.1737
  0.1741
  0.1745
   0.175
  0.1754
  0.1758
  0.1763
  0.1767
  0.1771
  0.1776
   0.178
  0.1784
  0.1789
  0.1793
  0.1797
  0.1802
  0.1806
  0.1811
  0.1815
  0.1819
  0.1824
  0.1828
  0.1832
  0.1837
  0.1841
  0.1846
   0.185
  0.1854
  0.1859
  0.1863
  0.1868
  0.1872
  0.1877
  0.1881
  0.1886
   0.189
  0.1894
  0.1899
  0.1903
  0.1908
  0.1912
  0.1917
  0.1921
  0.1926
   0.193
  0.1935
  0.1939
  0.1944
  0.1948
  0.1953
  0.1957
  0.1962
  0.1966
  0.1971
  0.1975
   0.198
  0.1984
  0.1989
  0.1993
  0.1998
  0.2003
  0.2007
  0.2012
  0.2016
  0.2021
  0.2025
   0.203
  0.2035
  0.2039
  0.2044
  0.2048
  0.2053
  0.2057
  0.2062
  0.2067
  0.2071
  0.2076
  0.2081
  0.2085
   0.209
  0.2094
  0.2099
  0.2104
  0.2108
  0.2113
  0.2118
  0.2122
  0.2127
  0.2132
  0.2136
  0.2141
  0.2146
   0.215
  0.2155
   0.216
  0.2164
  0.2169
  0.2174
  0.2178
  0.2183
  0.2188
  0.2193
  0.2197
  0.2202
  0.2207
  0.2211
  0.2216
  0.2221
  0.2226
   0.223
  0.2235
   0.224
  0.2245
  0.2249
  0.2254
  0.2259
  0.2264
  0.2268
  0.2273
  0.2278
  0.2283
  0.2287
  0.2292
  0.2297
  0.2302
  0.2307
  0.2311
  0.2316
  0.2321
  0.2326
  0.2331
  0.2336
   0.234
  0.2345
   0.235
  0.2355
   0.236
  0.2365
  0.2369
  0.2374
  0.2379
  0.2384
  0.2389
  0.2394
  0.2399
  0.2403
  0.2408
  0.2413
  0.2418
  0.2423
  0.2428
  0.2433
  0.2438
  0.2442
  0.2447
  0.2452
  0.2457
  0.2462
  0.2467
  0.2472
  0.2477
  0.2482
  0.2487
  0.2492
  0.2497
  0.2501
  0.2506
  0.2511
  0.2516
  0.2521
  0.2526
  0.2531
  0.2536
  0.2541
  0.2546
  0.2551
  0.2556
  0.2561
  0.2566
  0.2571
  0.2576
  0.2581
  0.2586
  0.2591
  0.2596
  0.2601
  0.2606
  0.2611
  0.2616
  0.2621
  0.2626
  0.2631
  0.2636
  0.2641
  0.2646
  0.2651
  0.2656
  0.2661
  0.2666
  0.2671
  0.2676
  0.2681
  0.2686
  0.2692
  0.2697
  0.2702
  0.2707
  0.2712
  0.2717
  0.2722
  0.2727
  0.2732
  0.2737
  0.2742
  0.2747
  0.2752
  0.2758
  0.2763
  0.2768
  0.2773
  0.2778
  0.2783
  0.2788
  0.2793
  0.2798
  0.2804
  0.2809
  0.2814
  0.2819
  0.2824
  0.2829
  0.2834
   0.284
  0.2845
   0.285
  0.2855
   0.286
  0.2865
  0.2871
  0.2876
  0.2881
  0.2886
  0.2891
  0.2896
  0.2902
  0.2907
  0.2912
  0.2917
  0.2922
  0.2928
  0.2933
  0.2938
  0.2943
  0.2948
  0.2954
  0.2959
  0.2964
  0.2969
  0.2974
   0.298
  0.2985
   0.299
  0.2995
  0.3001
  0.3006
  0.3011
  0.3016
  0.3022
  0.3027
  0.3032
  0.3037
  0.3043
  0.3048
  0.3053
  0.3058
  0.3064
  0.3069
  0.3074
  0.3079
  0.3085
   0.309
  0.3095
  0.3101
  0.3106
  0.3111
  0.3117
  0.3122
  0.3127
  0.3132
  0.3138
  0.3143
  0.3148
  0.3154
  0.3159
  0.3164
   0.317
  0.3175
   0.318
  0.3186
  0.3191
  0.3196
  0.3202
  0.3207
  0.3212
  0.3218
  0.3223
  0.3228
  0.3234
  0.3239
  0.3244
   0.325
  0.3255
   0.326
  0.3266
  0.3271
  0.3277
  0.3282
  0.3287
  0.3293
  0.3298
  0.3303
  0.3309
  0.3314
   0.332
  0.3325
   0.333
  0.3336
  0.3341
  0.3347
  0.3352
  0.3357
  0.3363
  0.3368
  0.3374
  0.3379
  0.3384
   0.339
  0.3395
  0.3401
  0.3406
  0.3412
  0.3417
  0.3422
  0.3428
  0.3433
  0.3439
  0.3444
   0.345
  0.3455
  0.3461
  0.3466
  0.3471
  0.3477
  0.3482
  0.3488
  0.3493
  0.3499
  0.3504
   0.351
  0.3515
  0.3521
  0.3526
  0.3532
  0.3537
  0.3542
  0.3548
  0.3553
  0.3559
  0.3564
   0.357
  0.3575
  0.3581
  0.3586
  0.3592
  0.3597
  0.3603
  0.3608
  0.3614
  0.3619
  0.3625
   0.363
  0.3636
  0.3641
  0.3647
  0.3653
  0.3658
  0.3664
  0.3669
  0.3675
   0.368
  0.3686
  0.3691
  0.3697
  0.3702
  0.3708
  0.3713
  0.3719
  0.3724
   0.373
  0.3736
  0.3741
  0.3747
  0.3752
  0.3758
  0.3763
  0.3769
  0.3774
   0.378
  0.3786
  0.3791
  0.3797
  0.3802
  0.3808
  0.3813
  0.3819
  0.3825
   0.383
  0.3836
  0.3841
  0.3847
  0.3852
  0.3858
  0.3864
  0.3869
  0.3875
   0.388
  0.3886
  0.3892
  0.3897
  0.3903
  0.3908
  0.3914
   0.392
  0.3925
  0.3931
  0.3936
  0.3942
  0.3948
  0.3953
  0.3959
  0.3964
   0.397
  0.3976
  0.3981
  0.3987
  0.3993
  0.3998
  0.4004
  0.4009
  0.4015
  0.4021
  0.4026
  0.4032
  0.4038
  0.4043
  0.4049
  0.4055
   0.406
  0.4066
  0.4071
  0.4077
  0.4083
  0.4088
  0.4094
    0.41
  0.4105
  0.4111
  0.4117
  0.4122
  0.4128
  0.4134
  0.4139
  0.4145
  0.4151
  0.4156
  0.4162
  0.4168
  0.4173
  0.4179
  0.4185
   0.419
  0.4196
  0.4202
  0.4207
  0.4213
  0.4219
  0.4224
   0.423
  0.4236
  0.4241
  0.4247
  0.4253
  0.4258
  0.4264
   0.427
  0.4275
  0.4281
  0.4287
  0.4293
  0.4298
  0.4304
   0.431
  0.4315
  0.4321
  0.4327
  0.4332
  0.4338
  0.4344
   0.435
  0.4355
  0.4361
  0.4367
  0.4372
  0.4378
  0.4384
   0.439
  0.4395
  0.4401
  0.4407
  0.4412
  0.4418
  0.4424
   0.443
  0.4435
  0.4441
  0.4447
  0.4452
  0.4458
  0.4464
   0.447
  0.4475
  0.4481
  0.4487
  0.4492
  0.4498
  0.4504
   0.451
  0.4515
  0.4521
  0.4527
  0.4533
  0.4538
  0.4544
   0.455
  0.4556
  0.4561
  0.4567
  0.4573
  0.4578
  0.4584
   0.459
  0.4596
  0.4601
  0.4607
  0.4613
  0.4619
  0.4624
   0.463
  0.4636
  0.4642
  0.4647
  0.4653
  0.4659
  0.4665
   0.467
  0.4676
  0.4682
  0.4688
  0.4693
  0.4699
  0.4705
  0.4711
  0.4716
  0.4722
  0.4728
  0.4734
  0.4739
  0.4745
  0.4751
  0.4757
  0.4762
  0.4768
  0.4774
   0.478
  0.4785
  0.4791
  0.4797
  0.4803
  0.4809
  0.4814
   0.482
  0.4826
  0.4832
  0.4837
  0.4843
  0.4849
  0.4855
   0.486
  0.4866
  0.4872
  0.4878
  0.4883
  0.4889
  0.4895
  0.4901
  0.4907
  0.4912
  0.4918
  0.4924
   0.493
  0.4935
  0.4941
  0.4947
  0.4953
  0.4958
  0.4964
   0.497
  0.4976
  0.4982
  0.4987
  0.4993
  0.4999
  0.5005
   0.501
  0.5016
  0.5022
  0.5028
  0.5033
  0.5039
  0.5045
  0.5051
  0.5057
  0.5062
  0.5068
  0.5074
   0.508
  0.5085
  0.5091
  0.5097
  0.5103
  0.5109
  0.5114
   0.512
  0.5126
  0.5132
  0.5137
  0.5143
  0.5149
  0.5155
   0.516
  0.5166
  0.5172
  0.5178
  0.5184
  0.5189
  0.5195
  0.5201
  0.5207
  0.5212
  0.5218
  0.5224
   0.523
  0.5236
  0.5241
  0.5247
  0.5253
  0.5259
  0.5264
   0.527
  0.5276
  0.5282
  0.5287
  0.5293
  0.5299
  0.5305
  0.5311
  0.5316
  0.5322
  0.5328
  0.5334
  0.5339
  0.5345
  0.5351
  0.5357
  0.5362
  0.5368
  0.5374
   0.538
  0.5386
  0.5391
  0.5397
  0.5403
  0.5409
  0.5414
   0.542
  0.5426
  0.5432
  0.5437
  0.5443
  0.5449
  0.5455
   0.546
  0.5466
  0.5472
  0.5478
  0.5484
  0.5489
  0.5495
  0.5501
  0.5507
  0.5512
  0.5518
  0.5524
   0.553
  0.5535
  0.5541
  0.5547
  0.5553
  0.5558
  0.5564
   0.557
  0.5576
  0.5581
  0.5587
  0.5593
  0.5599
  0.5604
   0.561
  0.5616
  0.5622
  0.5627
  0.5633
  0.5639
  0.5645
   0.565
  0.5656
  0.5662
  0.5668
  0.5673
  0.5679
  0.5685
  0.5691
  0.5696
  0.5702
  0.5708
  0.5713
  0.5719
  0.5725
  0.5731
  0.5736
  0.5742
  0.5748
  0.5754
  0.5759
  0.5765
  0.5771
  0.5776
  0.5782
  0.5788
  0.5794
  0.5799
  0.5805
  0.5811
  0.5817
  0.5822
  0.5828
  0.5834
  0.5839
  0.5845
  0.5851
  0.5857
  0.5862
  0.5868
  0.5874
  0.5879
  0.5885
  0.5891
  0.5897
  0.5902
  0.5908
  0.5914
  0.5919
  0.5925
  0.5931
  0.5936
  0.5942
  0.5948
  0.5954
  0.5959
  0.5965
  0.5971
  0.5976
  0.5982
  0.5988
  0.5993
  0.5999
  0.6005
   0.601
  0.6016
  0.6022
  0.6027
  0.6033
  0.6039
  0.6044
   0.605
  0.6056
  0.6061
  0.6067
  0.6073
  0.6078
  0.6084
   0.609
  0.6095
  0.6101
  0.6107
  0.6112
  0.6118
  0.6124
  0.6129
  0.6135
  0.6141
  0.6146
  0.6152
  0.6158
  0.6163
  0.6169
  0.6175
   0.618
  0.6186
  0.6192
  0.6197
  0.6203
  0.6208
  0.6214
   0.622
  0.6225
  0.6231
  0.6237
  0.6242
  0.6248
  0.6254
  0.6259
  0.6265
   0.627
  0.6276
  0.6282
  0.6287
  0.6293
  0.6298
  0.6304
   0.631
  0.6315
  0.6321
  0.6327
  0.6332
  0.6338
  0.6343
  0.6349
  0.6355
   0.636
  0.6366
  0.6371
  0.6377
  0.6382
  0.6388
  0.6394
  0.6399
  0.6405
   0.641
  0.6416
  0.6422
  0.6427
  0.6433
  0.6438
  0.6444
  0.6449
  0.6455
  0.6461
  0.6466
  0.6472
  0.6477
  0.6483
  0.6488
  0.6494
  0.6499
  0.6505
   0.651
  0.6516
  0.6522
  0.6527
  0.6533
  0.6538
  0.6544
  0.6549
  0.6555
   0.656
  0.6566
  0.6571
  0.6577
  0.6582
  0.6588
  0.6593
  0.6599
  0.6604
   0.661
  0.6615
  0.6621
  0.6627
  0.6632
  0.6638
  0.6643
  0.6649
  0.6654
  0.6659
  0.6665
   0.667
  0.6676
  0.6681
  0.6687
  0.6692
  0.6698
  0.6703
  0.6709
  0.6714
   0.672
  0.6725
  0.6731
  0.6736
  0.6742
  0.6747
  0.6753
  0.6758
  0.6763
  0.6769
  0.6774
   0.678
  0.6785
  0.6791
  0.6796
  0.6802
  0.6807
  0.6812
  0.6818
  0.6823
  0.6829
  0.6834
  0.6839
  0.6845
   0.685
  0.6856
  0.6861
  0.6867
  0.6872
  0.6877
  0.6883
  0.6888
  0.6894
  0.6899
  0.6904
   0.691
  0.6915
   0.692
  0.6926
  0.6931
  0.6937
  0.6942
  0.6947
  0.6953
  0.6958
  0.6963
  0.6969
  0.6974
   0.698
  0.6985
   0.699
  0.6996
  0.7001
  0.7006
  0.7012
  0.7017
  0.7022
  0.7028
  0.7033
  0.7038
  0.7044
  0.7049
  0.7054
  0.7059
  0.7065
   0.707
  0.7075
  0.7081
  0.7086
  0.7091
  0.7097
  0.7102
  0.7107
  0.7112
  0.7118
  0.7123
  0.7128
  0.7134
  0.7139
  0.7144
  0.7149
  0.7155
   0.716
  0.7165
   0.717
  0.7176
  0.7181
  0.7186
  0.7191
  0.7197
  0.7202
  0.7207
  0.7212
  0.7218
  0.7223
  0.7228
  0.7233
  0.7239
  0.7244
  0.7249
  0.7254
  0.7259
  0.7265
   0.727
  0.7275
   0.728
  0.7285
  0.7291
  0.7296
  0.7301
  0.7306
  0.7311
  0.7316
  0.7322
  0.7327
  0.7332
  0.7337
  0.7342
  0.7347
  0.7353
  0.7358
  0.7363
  0.7368
  0.7373
  0.7378
  0.7383
  0.7389
  0.7394
  0.7399
  0.7404
  0.7409
  0.7414
  0.7419
  0.7424
  0.7429
  0.7435
   0.744
  0.7445
   0.745
  0.7455
   0.746
  0.7465
   0.747
  0.7475
   0.748
  0.7485
   0.749
  0.7495
  0.7501
  0.7506
  0.7511
  0.7516
  0.7521
  0.7526
  0.7531
  0.7536
  0.7541
  0.7546
  0.7551
  0.7556
  0.7561
  0.7566
  0.7571
  0.7576
  0.7581
  0.7586
  0.7591
  0.7596
  0.7601
  0.7606
  0.7611
  0.7616
  0.7621
  0.7626
  0.7631
  0.7636
  0.7641
  0.7646
  0.7651
  0.7656
  0.7661
  0.7665
   0.767
  0.7675
   0.768
  0.7685
   0.769
  0.7695
    0.77
  0.7705
   0.771
  0.7715
   0.772
  0.7724
  0.7729
  0.7734
  0.7739
  0.7744
  0.7749
  0.7754
  0.7759
  0.7764
  0.7768
  0.7773
  0.7778
  0.7783
  0.7788
  0.7793
  0.7798
  0.7802
  0.7807
  0.7812
  0.7817
  0.7822
  0.7826
  0.7831
  0.7836
  0.7841
  0.7846
  0.7851
  0.7855
   0.786
  0.7865
   0.787
  0.7874
  0.7879
  0.7884
  0.7889
  0.7894
  0.7898
  0.7903
  0.7908
  0.7913
  0.7917
  0.7922
  0.7927
  0.7931
  0.7936
  0.7941
  0.7946
   0.795
  0.7955
   0.796
  0.7964
  0.7969
  0.7974
  0.7979
  0.7983
  0.7988
  0.7993
  0.7997
  0.8002
  0.8007
  0.8011
  0.8016
  0.8021
  0.8025
   0.803
  0.8035
  0.8039
  0.8044
  0.8048
  0.8053
  0.8058
  0.8062
  0.8067
  0.8072
  0.8076
  0.8081
  0.8085
   0.809
  0.8094
  0.8099
  0.8104
  0.8108
  0.8113
  0.8117
  0.8122
  0.8126
  0.8131
  0.8136
   0.814
  0.8145
  0.8149
  0.8154
  0.8158
  0.8163
  0.8167
  0.8172
  0.8176
  0.8181
  0.8185
   0.819
  0.8194
  0.8199
  0.8203
  0.8208
  0.8212
  0.8217
  0.8221
  0.8226
   0.823
  0.8234
  0.8239
  0.8243
  0.8248
  0.8252
  0.8257
  0.8261
  0.8265
   0.827
  0.8274
  0.8279
  0.8283
  0.8287
  0.8292
  0.8296
  0.8301
  0.8305
  0.8309
  0.8314
  0.8318
  0.8322
  0.8327
  0.8331
  0.8335
   0.834
  0.8344
  0.8348
  0.8353
  0.8357
  0.8361
  0.8366
   0.837
  0.8374
  0.8379
  0.8383
  0.8387
  0.8391
  0.8396
    0.84
  0.8404
  0.8409
  0.8413
  0.8417
  0.8421
  0.8426
   0.843
  0.8434
  0.8438
  0.8442
  0.8447
  0.8451
  0.8455
  0.8459
  0.8463
  0.8468
  0.8472
  0.8476
   0.848
  0.8484
  0.8489
  0.8493
  0.8497
  0.8501
  0.8505
  0.8509
  0.8513
  0.8518
  0.8522
  0.8526
   0.853
  0.8534
  0.8538
  0.8542
  0.8546
   0.855
  0.8555
  0.8559
  0.8563
  0.8567
  0.8571
  0.8575
  0.8579
  0.8583
  0.8587
  0.8591
  0.8595
  0.8599
  0.8603
  0.8607
  0.8611
  0.8615
  0.8619
  0.8623
  0.8627
  0.8631
  0.8635
  0.8639
  0.8643
  0.8647
  0.8651
  0.8655
  0.8659
  0.8663
  0.8667
  0.8671
  0.8675
  0.8679
  0.8683
  0.8687
   0.869
  0.8694
  0.8698
  0.8702
  0.8706
   0.871
  0.8714
  0.8718
  0.8721
  0.8725
  0.8729
  0.8733
  0.8737
  0.8741
  0.8745
  0.8748
  0.8752
  0.8756
   0.876
  0.8764
  0.8767
  0.8771
  0.8775
  0.8779
  0.8783
  0.8786
   0.879
  0.8794
  0.8798
  0.8801
  0.8805
  0.8809
  0.8813
  0.8816
   0.882
  0.8824
  0.8828
  0.8831
  0.8835
  0.8839
  0.8842
  0.8846
   0.885
  0.8853
  0.8857
  0.8861
  0.8864
  0.8868
  0.8872
  0.8875
  0.8879
  0.8883
  0.8886
   0.889
  0.8893
  0.8897
  0.8901
  0.8904
  0.8908
  0.8911
  0.8915
  0.8918
  0.8922
  0.8926
  0.8929
  0.8933
  0.8936
   0.894
  0.8943
  0.8947
   0.895
  0.8954
  0.8957
  0.8961
  0.8964
  0.8968
  0.8971
  0.8975
  0.8978
  0.8982
  0.8985
  0.8989
  0.8992
  0.8996
  0.8999
  0.9002
  0.9006
  0.9009
  0.9013
  0.9016
  0.9019
  0.9023
  0.9026
   0.903
  0.9033
  0.9036
   0.904
  0.9043
  0.9046
   0.905
  0.9053
  0.9056
   0.906
  0.9063
  0.9066
   0.907
  0.9073
  0.9076
   0.908
  0.9083
  0.9086
  0.9089
  0.9093
  0.9096
  0.9099
  0.9103
  0.9106
  0.9109
  0.9112
  0.9115
  0.9119
  0.9122
  0.9125
  0.9128
  0.9131
  0.9135
  0.9138
  0.9141
  0.9144
  0.9147
  0.9151
  0.9154
  0.9157
   0.916
  0.9163
  0.9166
  0.9169
  0.9172
  0.9176
  0.9179
  0.9182
  0.9185
  0.9188
  0.9191
  0.9194
  0.9197
    0.92
  0.9203
  0.9206
  0.9209
  0.9212
  0.9215
  0.9218
  0.9221
  0.9224
  0.9227
   0.923
  0.9233
  0.9236
  0.9239
  0.9242
  0.9245
  0.9248
  0.9251
  0.9254
  0.9257
   0.926
  0.9263
  0.9266
  0.9269
  0.9272
  0.9274
  0.9277
   0.928
  0.9283
  0.9286
  0.9289
  0.9292
  0.9294
  0.9297
    0.93
  0.9303
  0.9306
  0.9309
  0.9311
  0.9314
  0.9317
   0.932
  0.9323
  0.9325
  0.9328
  0.9331
  0.9334
  0.9336
  0.9339
  0.9342
  0.9345
  0.9347
   0.935
  0.9353
  0.9355
  0.9358
  0.9361
  0.9364
  0.9366
  0.9369
  0.9372
  0.9374
  0.9377
   0.938
  0.9382
  0.9385
  0.9387
   0.939
  0.9393
  0.9395
  0.9398
    0.94
  0.9403
  0.9406
  0.9408
  0.9411
  0.9413
  0.9416
  0.9418
  0.9421
  0.9423
  0.9426
  0.9428
  0.9431
  0.9433
  0.9436
  0.9438
  0.9441
  0.9443
  0.9446
  0.9448
  0.9451
  0.9453
  0.9456
  0.9458
   0.946
  0.9463
  0.9465
  0.9468
   0.947
  0.9472
  0.9475
  0.9477
   0.948
  0.9482
  0.9484
  0.9487
  0.9489
  0.9491
  0.9494
  0.9496
  0.9498
  0.9501
  0.9503
  0.9505
  0.9507
   0.951
  0.9512
  0.9514
  0.9516
  0.9519
  0.9521
  0.9523
  0.9525
  0.9528
   0.953
  0.9532
  0.9534
  0.9536
  0.9539
  0.9541
  0.9543
  0.9545
  0.9547
  0.9549
  0.9552
  0.9554
  0.9556
  0.9558
   0.956
  0.9562
  0.9564
  0.9566
  0.9568
   0.957
  0.9573
  0.9575
  0.9577
  0.9579
  0.9581
  0.9583
  0.9585
  0.9587
  0.9589
  0.9591
  0.9593
  0.9595
  0.9597
  0.9599
  0.9601
  0.9603
  0.9605
  0.9607
  0.9608
   0.961
  0.9612
  0.9614
  0.9616
  0.9618
   0.962
  0.9622
  0.9624
  0.9626
  0.9627
  0.9629
  0.9631
  0.9633
  0.9635
  0.9637
  0.9638
   0.964
  0.9642
  0.9644
  0.9646
  0.9647
  0.9649
  0.9651
  0.9653
  0.9654
  0.9656
  0.9658
   0.966
  0.9661
  0.9663
  0.9665
  0.9666
  0.9668
   0.967
  0.9671
  0.9673
  0.9675
  0.9676
  0.9678
   0.968
  0.9681
  0.9683
  0.9685
  0.9686
  0.9688
  0.9689
  0.9691
  0.9693
  0.9694
  0.9696
  0.9697
  0.9699
    0.97
  0.9702
  0.9703
  0.9705
  0.9706
  0.9708
  0.9709
  0.9711
  0.9712
  0.9714
  0.9715
  0.9717
  0.9718
   0.972
  0.9721
  0.9722
  0.9724
  0.9725
  0.9727
  0.9728
  0.9729
  0.9731
  0.9732
  0.9734
  0.9735
  0.9736
  0.9738
  0.9739
   0.974
  0.9742
  0.9743
  0.9744
  0.9745
  0.9747
  0.9748
  0.9749
   0.975
  0.9752
  0.9753
  0.9754
  0.9755
  0.9757
  0.9758
  0.9759
   0.976
  0.9761
  0.9763
  0.9764
  0.9765
  0.9766
  0.9767
  0.9768
  0.9769
  0.9771
  0.9772
  0.9773
  0.9774
  0.9775
  0.9776
  0.9777
  0.9778
  0.9779
   0.978
  0.9781
  0.9782
  0.9783
  0.9784
  0.9785
  0.9786
  0.9787
  0.9788
  0.9789
   0.979
  0.9791
  0.9792
  0.9793
  0.9794
  0.9795
  0.9796
  0.9797
  0.9798
  0.9799
    0.98
  0.9801
  0.9801
  0.9802
  0.9803
  0.9804
  0.9805
  0.9806
  0.9806
  0.9807
  0.9808
  0.9809
   0.981
   0.981
  0.9811
  0.9812
  0.9813
  0.9814
  0.9814
  0.9815
  0.9816
  0.9816
  0.9817
  0.9818
  0.9819
  0.9819
   0.982
  0.9821
  0.9821
  0.9822
  0.9823
  0.9823
  0.9824
  0.9824
  0.9825
  0.9826
  0.9826
  0.9827
  0.9827
  0.9828
  0.9829
  0.9829
   0.983
   0.983
  0.9831
  0.9831
  0.9832
  0.9832
  0.9833
  0.9833
  0.9834
  0.9834
  0.9835
  0.9835
  0.9835
  0.9836
  0.9836
  0.9837
  0.9837
  0.9838
  0.9838
  0.9838
  0.9839
  0.9839
  0.9839
   0.984
   0.984
   0.984
  0.9841
  0.9841
  0.9841
  0.9842
  0.9842
  0.9842
  0.9843
  0.9843
  0.9843
  0.9843
  0.9844
  0.9844
  0.9844
  0.9844
  0.9844
  0.9845
  0.9845
  0.9845
  0.9845
  0.9845
  0.9846
  0.9846
  0.9846
  0.9846
  0.9846
  0.9846
  0.9846
  0.9846
  0.9847
  0.9847
  0.9847
  0.9847
  0.9847
  0.9847
  0.9847
  0.9847
  0.9847
  0.9847
  0.9847
  0.9847
  0.9847
  0.9847
  0.9847
  0.9847
  0.9847
  0.9847
  0.9847
  0.9847
  0.9846
  0.9846
  0.9846
  0.9846
  0.9846
  0.9846
  0.9846
  0.9846
  0.9845
  0.9845
  0.9845
  0.9845
  0.9845
  0.9845
  0.9844
  0.9844
  0.9844
  0.9844
  0.9843
  0.9843
  0.9843
  0.9843
  0.9842
  0.9842
  0.9842
  0.9842
  0.9841
  0.9841
  0.9841
   0.984
   0.984
   0.984
  0.9839
  0.9839
  0.9838
  0.9838
  0.9838
  0.9837
  0.9837
  0.9836
  0.9836
  0.9836
  0.9835
  0.9835
  0.9834
  0.9834
  0.9833
  0.9833
  0.9832
  0.9832
  0.9831
  0.9831
   0.983
   0.983
  0.9829
  0.9828
  0.9828
  0.9827
  0.9827
  0.9826
  0.9825
  0.9825
  0.9824
  0.9824
  0.9823
  0.9822
  0.9822
  0.9821
   0.982
   0.982
  0.9819
  0.9818
  0.9817
  0.9817
  0.9816
  0.9815
  0.9814
  0.9814
  0.9813
  0.9812
  0.9811
  0.9811
   0.981
  0.9809
  0.9808
  0.9807
  0.9806
  0.9806
  0.9805
  0.9804
  0.9803
  0.9802
  0.9801
    0.98
  0.9799
  0.9798
  0.9797
  0.9797
  0.9796
  0.9795
  0.9794
  0.9793
  0.9792
  0.9791
   0.979
  0.9789
  0.9788
  0.9787
  0.9786
  0.9785
  0.9783
  0.9782
  0.9781
   0.978
  0.9779
  0.9778
  0.9777
  0.9776
  0.9775
  0.9774
  0.9772
  0.9771
   0.977
  0.9769
  0.9768
  0.9766
  0.9765
  0.9764
  0.9763
  0.9762
   0.976
  0.9759
  0.9758
  0.9757
  0.9755
  0.9754
  0.9753
  0.9751
   0.975
  0.9749
  0.9747
  0.9746
  0.9745
  0.9743
  0.9742
  0.9741
  0.9739
  0.9738
  0.9736
  0.9735
  0.9734
  0.9732
  0.9731
  0.9729
  0.9728
  0.9726
  0.9725
  0.9723
  0.9722
   0.972
  0.9719
  0.9717
  0.9716
  0.9714
  0.9713
  0.9711
  0.9709
  0.9708
  0.9706
  0.9705
  0.9703
  0.9701
    0.97
  0.9698
  0.9697
  0.9695
  0.9693
  0.9692
   0.969
  0.9688
  0.9686
  0.9685
  0.9683
  0.9681
   0.968
  0.9678
  0.9676
  0.9674
  0.9673
  0.9671
  0.9669
  0.9667
  0.9665
  0.9663
  0.9662
   0.966
  0.9658
  0.9656
  0.9654
  0.9652
   0.965
  0.9649
  0.9647
  0.9645
  0.9643
  0.9641
  0.9639
  0.9637
  0.9635
  0.9633
  0.9631
  0.9629
  0.9627
  0.9625
  0.9623
  0.9621
  0.9619
  0.9617
  0.9615
  0.9613
  0.9611
  0.9609
  0.9606
  0.9604
  0.9602
    0.96
  0.9598
  0.9596
  0.9594
  0.9591
  0.9589
  0.9587
  0.9585
  0.9583
  0.9581
  0.9578
  0.9576
  0.9574
  0.9572
  0.9569
  0.9567
  0.9565
  0.9562
   0.956
  0.9558
  0.9556
  0.9553
  0.9551
  0.9549
  0.9546
  0.9544
  0.9541
  0.9539
  0.9537
  0.9534
  0.9532
  0.9529
  0.9527
  0.9525
  0.9522
   0.952
  0.9517
  0.9515
  0.9512
   0.951
  0.9507
  0.9505
  0.9502
    0.95
  0.9497
  0.9495
  0.9492
  0.9489
  0.9487
  0.9484
  0.9482
  0.9479
  0.9476
  0.9474
  0.9471
  0.9469
  0.9466
  0.9463
  0.9461
  0.9458
  0.9455
  0.9452
   0.945
  0.9447
  0.9444
  0.9441
  0.9439
  0.9436
  0.9433
   0.943
  0.9428
  0.9425
  0.9422
  0.9419
  0.9416
  0.9414
  0.9411
  0.9408
  0.9405
  0.9402
  0.9399
  0.9396
  0.9393
   0.939
  0.9387
  0.9385
  0.9382
  0.9379
  0.9376
  0.9373
   0.937
  0.9367
  0.9364
  0.9361
  0.9358
  0.9355
  0.9352
  0.9349
  0.9345
  0.9342
  0.9339
  0.9336
  0.9333
   0.933
  0.9327
  0.9324
  0.9321
  0.9317
  0.9314
  0.9311
  0.9308
  0.9305
  0.9302
  0.9298
  0.9295
  0.9292
  0.9289
  0.9285
  0.9282
  0.9279
  0.9276
  0.9272
  0.9269
  0.9266
  0.9262
  0.9259
  0.9256
  0.9252
  0.9249
  0.9246
  0.9242
  0.9239
  0.9236
  0.9232
  0.9229
  0.9225
  0.9222
  0.9218
  0.9215
  0.9212
  0.9208
  0.9205
  0.9201
  0.9198
  0.9194
  0.9191
  0.9187
  0.9183
   0.918
  0.9176
  0.9173
  0.9169
  0.9166
  0.9162
  0.9158
  0.9155
  0.9151
  0.9148
  0.9144
   0.914
  0.9137
  0.9133
  0.9129
  0.9126
  0.9122
  0.9118
  0.9114
  0.9111
  0.9107
  0.9103
  0.9099
  0.9096
  0.9092
  0.9088
  0.9084
   0.908
  0.9077
  0.9073
  0.9069
  0.9065
  0.9061
  0.9057
  0.9053
   0.905
  0.9046
  0.9042
  0.9038
  0.9034
   0.903
  0.9026
  0.9022
  0.9018
  0.9014
   0.901
  0.9006
  0.9002
  0.8998
  0.8994
   0.899
  0.8986
  0.8982
  0.8978
  0.8974
   0.897
  0.8966
  0.8961
  0.8957
  0.8953
  0.8949
  0.8945
  0.8941
  0.8937
  0.8932
  0.8928
  0.8924
   0.892
  0.8916
  0.8911
  0.8907
  0.8903
  0.8899
  0.8894
   0.889
  0.8886
  0.8882
  0.8877
  0.8873
  0.8869
  0.8864
   0.886
  0.8856
  0.8851
  0.8847
  0.8843
  0.8838
  0.8834
  0.8829
  0.8825
   0.882
  0.8816
  0.8812
  0.8807
  0.8803
  0.8798
  0.8794
  0.8789
  0.8785
   0.878
  0.8776
  0.8771
  0.8766
  0.8762
  0.8757
  0.8753
  0.8748
  0.8744
  0.8739
  0.8734
   0.873
  0.8725
   0.872
  0.8716
  0.8711
  0.8706
  0.8702
  0.8697
  0.8692
  0.8688
  0.8683
  0.8678
  0.8673
  0.8669
  0.8664
  0.8659
  0.8654
   0.865
  0.8645
   0.864
  0.8635
   0.863
  0.8625
  0.8621
  0.8616
  0.8611
  0.8606
  0.8601
  0.8596
  0.8591
  0.8586
  0.8581
  0.8576
  0.8571
  0.8566
  0.8562
  0.8557
  0.8552
  0.8547
  0.8542
  0.8537
  0.8531
  0.8526
  0.8521
  0.8516
  0.8511
  0.8506
  0.8501
  0.8496
  0.8491
  0.8486
  0.8481
  0.8475
   0.847
  0.8465
   0.846
  0.8455
   0.845
  0.8444
  0.8439
  0.8434
  0.8429
  0.8423
  0.8418
  0.8413
  0.8408
  0.8402
  0.8397
  0.8392
  0.8387
  0.8381
  0.8376
  0.8371
  0.8365
   0.836
  0.8354
  0.8349
  0.8344
  0.8338
  0.8333
  0.8327
  0.8322
  0.8317
  0.8311
  0.8306
    0.83
  0.8295
  0.8289
  0.8284
  0.8278
  0.8273
  0.8267
  0.8262
  0.8256
  0.8251
  0.8245
  0.8239
  0.8234
  0.8228
  0.8223
  0.8217
  0.8211
  0.8206
    0.82
  0.8194
  0.8189
  0.8183
  0.8177
  0.8172
  0.8166
   0.816
  0.8155
  0.8149
  0.8143
  0.8137
  0.8132
  0.8126
   0.812
  0.8114
  0.8108
  0.8103
  0.8097
  0.8091
  0.8085
  0.8079
  0.8073
  0.8068
  0.8062
  0.8056
   0.805
  0.8044
  0.8038
  0.8032
  0.8026
   0.802
  0.8014
  0.8008
  0.8002
  0.7996
   0.799
  0.7984
  0.7978
  0.7972
  0.7966
   0.796
  0.7954
  0.7948
  0.7942
  0.7936
   0.793
  0.7924
  0.7917
  0.7911
  0.7905
  0.7899
  0.7893
  0.7887
  0.7881
  0.7874
  0.7868
  0.7862
  0.7856
   0.785
  0.7843
  0.7837
  0.7831
  0.7825
  0.7818
  0.7812
  0.7806
  0.7799
  0.7793
  0.7787
   0.778
  0.7774
  0.7768
  0.7761
  0.7755
  0.7749
  0.7742
  0.7736
  0.7729
  0.7723
  0.7716
   0.771
  0.7704
  0.7697
  0.7691
  0.7684
  0.7678
  0.7671
  0.7665
  0.7658
  0.7652
  0.7645
  0.7639
  0.7632
  0.7625
  0.7619
  0.7612
  0.7606
  0.7599
  0.7592
  0.7586
  0.7579
  0.7572
  0.7566
  0.7559
  0.7552
  0.7546
  0.7539
  0.7532
  0.7526
  0.7519
  0.7512
  0.7505
  0.7499
  0.7492
  0.7485
  0.7478
  0.7472
  0.7465
  0.7458
  0.7451
  0.7444
  0.7437
  0.7431
  0.7424
  0.7417
   0.741
  0.7403
  0.7396
  0.7389
  0.7382
  0.7375
  0.7368
  0.7361
  0.7355
  0.7348
  0.7341
  0.7334
  0.7327
   0.732
  0.7313
  0.7305
  0.7298
  0.7291
  0.7284
  0.7277
   0.727
  0.7263
  0.7256
  0.7249
  0.7242
  0.7235
  0.7228
   0.722
  0.7213
  0.7206
  0.7199
  0.7192
  0.7184
  0.7177
   0.717
  0.7163
  0.7156
  0.7148
  0.7141
  0.7134
  0.7127
  0.7119
  0.7112
  0.7105
  0.7097
   0.709
  0.7083
  0.7075
  0.7068
  0.7061
  0.7053
  0.7046
  0.7039
  0.7031
  0.7024
  0.7016
  0.7009
  0.7001
  0.6994
  0.6987
  0.6979
  0.6972
  0.6964
  0.6957
  0.6949
  0.6942
  0.6934
  0.6927
  0.6919
  0.6911
  0.6904
  0.6896
  0.6889
  0.6881
  0.6874
  0.6866
  0.6858
  0.6851
  0.6843
  0.6835
  0.6828
   0.682
  0.6812
  0.6805
  0.6797
  0.6789
  0.6782
  0.6774
  0.6766
  0.6758
  0.6751
  0.6743
  0.6735
  0.6727
  0.6719
  0.6712
  0.6704
  0.6696
  0.6688
   0.668
  0.6672
  0.6665
  0.6657
  0.6649
  0.6641
  0.6633
  0.6625
  0.6617
  0.6609
  0.6601
  0.6593
  0.6585
  0.6578
   0.657
  0.6562
  0.6554
  0.6546
  0.6538
   0.653
  0.6521
  0.6513
  0.6505
  0.6497
  0.6489
  0.6481
  0.6473
  0.6465
  0.6457
  0.6449
  0.6441
  0.6433
  0.6424
  0.6416
  0.6408
    0.64
  0.6392
  0.6383
  0.6375
  0.6367
  0.6359
  0.6351
  0.6342
  0.6334
  0.6326
  0.6318
  0.6309
  0.6301
  0.6293
  0.6284
  0.6276
  0.6268
  0.6259
  0.6251
  0.6243
  0.6234
  0.6226
  0.6218
  0.6209
  0.6201
  0.6192
  0.6184
  0.6176
  0.6167
  0.6159
   0.615
  0.6142
  0.6133
  0.6125
  0.6116
  0.6108
  0.6099
  0.6091
  0.6082
  0.6074
  0.6065
  0.6057
  0.6048
  0.6039
  0.6031
  0.6022
  0.6014
  0.6005
  0.5996
  0.5988
  0.5979
   0.597
  0.5962
  0.5953
  0.5944
  0.5936
  0.5927
  0.5918
   0.591
  0.5901
  0.5892
  0.5883
  0.5875
  0.5866
  0.5857
  0.5848
  0.5839
  0.5831
  0.5822
  0.5813
  0.5804
  0.5795
  0.5786
  0.5778
  0.5769
   0.576
  0.5751
  0.5742
  0.5733
  0.5724
  0.5715
  0.5706
  0.5697
  0.5688
   0.568
  0.5671
  0.5662
  0.5653
  0.5644
  0.5635
  0.5626
  0.5617
  0.5608
  0.5598
  0.5589
   0.558
  0.5571
  0.5562
  0.5553
  0.5544
  0.5535
  0.5526
  0.5517
  0.5508
  0.5498
  0.5489
   0.548
  0.5471
  0.5462
  0.5452
  0.5443
  0.5434
  0.5425
  0.5416
  0.5406
  0.5397
  0.5388
  0.5379
  0.5369
   0.536
  0.5351
  0.5341
  0.5332
  0.5323
  0.5314
  0.5304
  0.5295
  0.5285
  0.5276
  0.5267
  0.5257
  0.5248
  0.5239
  0.5229
   0.522
   0.521
  0.5201
  0.5191
  0.5182
  0.5173
  0.5163
  0.5154
  0.5144
  0.5135
  0.5125
  0.5116
  0.5106
  0.5096
  0.5087
  0.5077
  0.5068
  0.5058
  0.5049
  0.5039
  0.5029
   0.502
   0.501
  0.5001
  0.4991
  0.4981
  0.4972
  0.4962
  0.4952
  0.4943
  0.4933
  0.4923
  0.4914
  0.4904
  0.4894
  0.4884
  0.4875
  0.4865
  0.4855
  0.4845
  0.4836
  0.4826
  0.4816
  0.4806
  0.4796
  0.4787
  0.4777
  0.4767
  0.4757
  0.4747
  0.4737
  0.4727
  0.4718
  0.4708
  0.4698
  0.4688
  0.4678
  0.4668
  0.4658
  0.4648
  0.4638
  0.4628
  0.4618
  0.4608
  0.4598
  0.4588
  0.4578
  0.4568
  0.4558
  0.4548
  0.4538
  0.4528
  0.4518
  0.4508
  0.4498
  0.4488
  0.4478
  0.4468
  0.4458
  0.4447
  0.4437
  0.4427
  0.4417
  0.4407
  0.4397
  0.4386
  0.4376
  0.4366
  0.4356
  0.4346
  0.4335
  0.4325
  0.4315
  0.4305
  0.4295
  0.4284
  0.4274
  0.4264
  0.4253
  0.4243
  0.4233
  0.4223
  0.4212
  0.4202
  0.4192
  0.4181
  0.4171
   0.416
   0.415
   0.414
  0.4129
  0.4119
  0.4109
  0.4098
  0.4088
  0.4077
  0.4067
  0.4056
  0.4046
  0.4035
  0.4025
  0.4014
  0.4004
  0.3993
  0.3983
  0.3972
  0.3962
  0.3951
  0.3941
   0.393
   0.392
  0.3909
  0.3899
  0.3888
  0.3877
  0.3867
  0.3856
  0.3846
  0.3835
  0.3824
  0.3814
  0.3803
  0.3792
  0.3782
  0.3771
   0.376
   0.375
  0.3739
  0.3728
  0.3718
  0.3707
  0.3696
  0.3685
  0.3675
  0.3664
  0.3653
  0.3642
  0.3631
  0.3621
   0.361
  0.3599
  0.3588
  0.3577
  0.3567
  0.3556
  0.3545
  0.3534
  0.3523
  0.3512
  0.3501
   0.349
   0.348
  0.3469
  0.3458
  0.3447
  0.3436
  0.3425
  0.3414
  0.3403
  0.3392
  0.3381
   0.337
  0.3359
  0.3348
  0.3337
  0.3326
  0.3315
  0.3304
  0.3293
  0.3282
  0.3271
   0.326
  0.3249
  0.3238
  0.3227
  0.3215
  0.3204
  0.3193
  0.3182
  0.3171
   0.316
  0.3149
  0.3138
  0.3126
  0.3115
  0.3104
  0.3093
  0.3082
   0.307
  0.3059
  0.3048
  0.3037
  0.3026
  0.3014
  0.3003
  0.2992
   0.298
  0.2969
  0.2958
  0.2947
  0.2935
  0.2924
  0.2913
  0.2901
   0.289
  0.2879
  0.2867
  0.2856
  0.2845
  0.2833
  0.2822
  0.2811
  0.2799
  0.2788
  0.2776
  0.2765
  0.2753
  0.2742
  0.2731
  0.2719
  0.2708
  0.2696
  0.2685
  0.2673
  0.2662
   0.265
  0.2639
  0.2627
  0.2616
  0.2604
  0.2593
  0.2581
   0.257
  0.2558
  0.2546
  0.2535
  0.2523
  0.2512
    0.25
  0.2488
  0.2477
  0.2465
  0.2454
  0.2442
   0.243
  0.2419
  0.2407
  0.2395
  0.2384
  0.2372
   0.236
  0.2349
  0.2337
  0.2325
  0.2313
  0.2302
   0.229
  0.2278
  0.2266
  0.2255
  0.2243
  0.2231
  0.2219
  0.2208
  0.2196
  0.2184
  0.2172
   0.216
  0.2148
  0.2137
  0.2125
  0.2113
  0.2101
  0.2089
  0.2077
  0.2065
  0.2054
  0.2042
   0.203
  0.2018
  0.2006
  0.1994
  0.1982
   0.197
  0.1958
  0.1946
  0.1934
  0.1922
   0.191
  0.1898
  0.1886
  0.1874
  0.1862
   0.185
  0.1838
  0.1826
  0.1814
  0.1802
   0.179
  0.1778
  0.1766
  0.1754
  0.1742
   0.173
  0.1718
  0.1705
  0.1693
  0.1681
  0.1669
  0.1657
  0.1645
  0.1633
   0.162
  0.1608
  0.1596
  0.1584
  0.1572
   0.156
  0.1547
  0.1535
  0.1523
  0.1511
  0.1499
  0.1486
  0.1474
  0.1462
   0.145
  0.1437
  0.1425
  0.1413
    0.14
  0.1388
  0.1376
  0.1364
  0.1351
  0.1339
  0.1327
  0.1314
  0.1302
  0.1289
  0.1277
  0.1265
  0.1252
   0.124
  0.1228
  0.1215
  0.1203
   0.119
  0.1178
  0.1166
  0.1153
  0.1141
  0.1128
  0.1116
  0.1103
  0.1091
  0.1078
  0.1066
  0.1053
  0.1041
  0.1028
  0.1016
  0.1003
 0.09909
 0.09784
 0.09659
 0.09533
 0.09408
 0.09282
 0.09157
 0.09031
 0.08905
 0.08779
 0.08653
 0.08527
 0.08401
 0.08275
 0.08149
 0.08023
 0.07897
  0.0777
 0.07644
 0.07517
 0.07391
 0.07264
 0.07137
  0.0701
 0.06884
 0.06757
  0.0663
 0.06503
 0.06375
 0.06248
 0.06121
 0.05994
 0.05866
 0.05739
 0.05611
 0.05484
 0.05356
 0.05228
 0.05101
 0.04973
 0.04845
 0.04717
 0.04589
 0.04461
 0.04332
 0.04204
 0.04076
 0.03947
 0.03819
  0.0369
 0.03562
 0.03433
 0.03304
 0.03176
 0.03047
 0.02918
 0.02789
  0.0266
 0.02531
 0.02402
 0.02272
 0.02143
 0.02014
 0.01884
 0.01755
 0.01625
 0.01495
 0.01366
 0.01236
 0.01106
 0.009762
 0.008463
 0.007163
 0.005862
 0.00456
 0.003258
 0.001955
 0.0006519
-0.0006519
-0.001955
-0.003258
-0.00456
-0.005862
-0.007163
-0.008463
-0.009762
-0.01106
-0.01236
-0.01366
-0.01495
-0.01625
-0.01755
-0.01884
-0.02014
-0.02143
-0.02272
-0.02402
-0.02531
 -0.0266
-0.02789
-0.02918
-0.03047
-0.03176
-0.03304
-0.03433
-0.03562
 -0.0369
-0.03819
-0.03947
-0.04076
-0.04204
-0.04332
-0.04461
-0.04589
-0.04717
-0.04845
-0.04973
-0.05101
-0.05228
-0.05356
-0.05484
-0.05611
-0.05739
-0.05866
-0.05994
-0.06121
-0.06248
-0.06375
-0.06503
 -0.0663
-0.06757
-0.06884
 -0.0701
-0.07137
-0.07264
-0.07391
-0.07517
-0.07644
 -0.0777
-0.07897
-0.08023
-0.08149
-0.08275
-0.08401
-0.08527
-0.08653
-0.08779
-0.08905
-0.09031
-0.09157
-0.09282
-0.09408
-0.09533
-0.09659
-0.09784
-0.09909
 -0.1003
 -0.1016
 -0.1028
 -0.1041
 -0.1053
 -0.1066
 -0.1078
 -0.1091
 -0.1103
 -0.1116
 -0.1128
 -0.1141
 -0.1153
 -0.1166
 -0.1178
  -0.119
 -0.1203
 -0.1215
 -0.1228
  -0.124
 -0.1252
 -0.1265
 -0.1277
 -0.1289
 -0.1302
 -0.1314
 -0.1327
 -0.1339
 -0.1351
 -0.1364
 -0.1376
 -0.1388
   -0.14
 -0.1413
 -0.1425
 -0.1437
  -0.145
 -0.1462
 -0.1474
 -0.1486
 -0.1499
 -0.1511
 -0.1523
 -0.1535
 -0.1547
  -0.156
 -0.1572
 -0.1584
 -0.1596
 -0.1608
  -0.162
 -0.1633
 -0.1645
 -0.1657
 -0.1669
 -0.1681
 -0.1693
 -0.1705
 -0.1718
  -0.173
 -0.1742
 -0.1754
 -0.1766
 -0.1778
  -0.179
 -0.1802
 -0.1814
 -0.1826
 -0.1838
  -0.185
 -0.1862
 -0.1874
 -0.1886
 -0.1898
  -0.191
 -0.1922
 -0.1934
 -0.1946
 -0.1958
  -0.197
 -0.1982
 -0.1994
 -0.2006
 -0.2018
  -0.203
 -0.2042
 -0.2054
 -0.2065
 -0.2077
 -0.2089
 -0.2101
 -0.2113
 -0.2125
 -0.2137
 -0.2148
  -0.216
 -0.2172
 -0.2184
 -0.2196
 -0.2208
 -0.2219
 -0.2231
 -0.2243
 -0.2255
 -0.2266
 -0.2278
  -0.229
 -0.2302
 -0.2313
 -0.2325
 -0.2337
 -0.2349
  -0.236
 -0.2372
 -0.2384
 -0.2395
 -0.2407
 -0.2419
  -0.243
 -0.2442
 -0.2454
 -0.2465
 -0.2477
 -0.2488
   -0.25
 -0.2512
 -0.2523
 -0.2535
 -0.2546
 -0.2558
  -0.257
 -0.2581
 -0.2593
 -0.2604
 -0.2616
 -0.2627
 -0.2639
  -0.265
 -0.2662
 -0.2673
 -0.2685
 -0.2696
 -0.2708
 -0.2719
 -0.2731
 -0.2742
 -0.2753
 -0.2765
 -0.2776
 -0.2788
 -0.2799
 -0.2811
 -0.2822
 -0.2833
 -0.2845
 -0.2856
 -0.2867
 -0.2879
  -0.289
 -0.2901
 -0.2913
 -0.2924
 -0.2935
 -0.2947
 -0.2958
 -0.2969
  -0.298
 -0.2992
 -0.3003
 -0.3014
 -0.3026
 -0.3037
 -0.3048
 -0.3059
  -0.307
 -0.3082
 -0.3093
 -0.3104
 -0.3115
 -0.3126
 -0.3138
 -0.3149
  -0.316
 -0.3171
 -0.3182
 -0.3193
 -0.3204
 -0.3215
 -0.3227
 -0.3238
 -0.3249
  -0.326
 -0.3271
 -0.3282
 -0.3293
 -0.3304
 -0.3315
 -0.3326
 -0.3337
 -0.3348
 -0.3359
  -0.337
 -0.3381
 -0.3392
 -0.3403
 -0.3414
 -0.3425
 -0.3436
 -0.3447
 -0.3458
 -0.3469
  -0.348
  -0.349
 -0.3501
 -0.3512
 -0.3523
 -0.3534
 -0.3545
 -0.3556
 -0.3567
 -0.3577
 -0.3588
 -0.3599
  -0.361
 -0.3621
 -0.3631
 -0.3642
 -0.3653
 -0.3664
 -0.3675
 -0.3685
 -0.3696
 -0.3707
 -0.3718
 -0.3728
 -0.3739
  -0.375
  -0.376
 -0.3771
 -0.3782
 -0.3792
 -0.3803
 -0.3814
 -0.3824
 -0.3835
 -0.3846
 -0.3856
 -0.3867
 -0.3877
 -0.3888
 -0.3899
 -0.3909
  -0.392
  -0.393
 -0.3941
 -0.3951
 -0.3962
 -0.3972
 -0.3983
 -0.3993
 -0.4004
 -0.4014
 -0.4025
 -0.4035
 -0.4046
 -0.4056
 -0.4067
 -0.4077
 -0.4088
 -0.4098
 -0.4109
 -0.4119
 -0.4129
  -0.414
  -0.415
  -0.416
 -0.4171
 -0.4181
 -0.4192
 -0.4202
 -0.4212
 -0.4223
 -0.4233
 -0.4243
 -0.4253
 -0.4264
 -0.4274
 -0.4284
 -0.4295
 -0.4305
 -0.4315
 -0.4325
 -0.4335
 -0.4346
 -0.4356
 -0.4366
 -0.4376
 -0.4386
 -0.4397
 -0.4407
 -0.4417
 -0.4427
 -0.4437
 -0.4447
 -0.4458
 -0.4468
 -0.4478
 -0.4488
 -0.4498
 -0.4508
 -0.4518
 -0.4528
 -0.4538
 -0.4548
 -0.4558
 -0.4568
 -0.4578
 -0.4588
 -0.4598
 -0.4608
 -0.4618
 -0.4628
 -0.4638
 -0.4648
 -0.4658
 -0.4668
 -0.4678
 -0.4688
 -0.4698
 -0.4708
 -0.4718
 -0.4727
 -0.4737
 -0.4747
 -0.4757
 -0.4767
 -0.4777
 -0.4787
 -0.4796
 -0.4806
 -0.4816
 -0.4826
 -0.4836
 -0.4845
 -0.4855
 -0.4865
 -0.4875
 -0.4884
 -0.4894
 -0.4904
 -0.4914
 -0.4923
 -0.4933
 -0.4943
 -0.4952
 -0.4962
 -0.4972
 -0.4981
 -0.4991
 -0.5001
  -0.501
  -0.502
 -0.5029
 -0.5039
 -0.5049
 -0.5058
 -0.5068
 -0.5077
 -0.5087
 -0.5096
 -0.5106
 -0.5116
 -0.5125
 -0.5135
 -0.5144
 -0.5154
 -0.5163
 -0.5173
 -0.5182
 -0.5191
 -0.5201
  -0.521
  -0.522
 -0.5229
 -0.5239
 -0.5248
 -0.5257
 -0.5267
 -0.5276
 -0.5285
 -0.5295
 -0.5304
 -0.5314
 -0.5323
 -0.5332
 -0.5341
 -0.5351
  -0.536
 -0.5369
 -0.5379
 -0.5388
 -0.5397
 -0.5406
 -0.5416
 -0.5425
 -0.5434
 -0.5443
 -0.5452
 -0.5462
 -0.5471
  -0.548
 -0.5489
 -0.5498
 -0.5508
 -0.5517
 -0.5526
 -0.5535
 -0.5544
 -0.5553
 -0.5562
 -0.5571
  -0.558
 -0.5589
 -0.5598
 -0.5608
 -0.5617
 -0.5626
 -0.5635
 -0.5644
 -0.5653
 -0.5662
 -0.5671
  -0.568
 -0.5688
 -0.5697
 -0.5706
 -0.5715
 -0.5724
 -0.5733
 -0.5742
 -0.5751
  -0.576
 -0.5769
 -0.5778
 -0.5786
 -0.5795
 -0.5804
 -0.5813
 -0.5822
 -0.5831
 -0.5839
 -0.5848
 -0.5857
 -0.5866
 -0.5875
 -0.5883
 -0.5892
 -0.5901
  -0.591
 -0.5918
 -0.5927
 -0.5936
 -0.5944
 -0.5953
 -0.5962
  -0.597
 -0.5979
 -0.5988
 -0.5996
 -0.6005
 -0.6014
 -0.6022
 -0.6031
 -0.6039
 -0.6048
 -0.6057
 -0.6065
 -0.6074
 -0.6082
 -0.6091
 -0.6099
 -0.6108
 -0.6116
 -0.6125
 -0.6133
 -0.6142
  -0.615
 -0.6159
 -0.6167
 -0.6176
 -0.6184
 -0.6192
 -0.6201
 -0.6209
 -0.6218
 -0.6226
 -0.6234
 -0.6243
 -0.6251
 -0.6259
 -0.6268
 -0.6276
 -0.6284
 -0.6293
 -0.6301
 -0.6309
 -0.6318
 -0.6326
 -0.6334
 -0.6342
 -0.6351
 -0.6359
 -0.6367
 -0.6375
 -0.6383
 -0.6392
   -0.64
 -0.6408
 -0.6416
 -0.6424
 -0.6433
 -0.6441
 -0.6449
 -0.6457
 -0.6465
 -0.6473
 -0.6481
 -0.6489
 -0.6497
 -0.6505
 -0.6513
 -0.6521
  -0.653
 -0.6538
 -0.6546
 -0.6554
 -0.6562
  -0.657
 -0.6578
 -0.6585
 -0.6593
 -0.6601
 -0.6609
 -0.6617
 -0.6625
 -0.6633
 -0.6641
 -0.6649
 -0.6657
 -0.6665
 -0.6672
  -0.668
 -0.6688
 -0.6696
 -0.6704
 -0.6712
 -0.6719
 -0.6727
 -0.6735
 -0.6743
 -0.6751
 -0.6758
 -0.6766
 -0.6774
 -0.6782
 -0.6789
 -0.6797
 -0.6805
 -0.6812
  -0.682
 -0.6828
 -0.6835
 -0.6843
 -0.6851
 -0.6858
 -0.6866
 -0.6874
 -0.6881
 -0.6889
 -0.6896
 -0.6904
 -0.6911
 -0.6919
 -0.6927
 -0.6934
 -0.6942
 -0.6949
 -0.6957
 -0.6964
 -0.6972
 -0.6979
 -0.6987
 -0.6994
 -0.7001
 -0.7009
 -0.7016
 -0.7024
 -0.7031
 -0.7039
 -0.7046
 -0.7053
 -0.7061
 -0.7068
 -0.7075
 -0.7083
  -0.709
 -0.7097
 -0.7105
 -0.7112
 -0.7119
 -0.7127
 -0.7134
 -0.7141
 -0.7148
 -0.7156
 -0.7163
  -0.717
 -0.7177
 -0.7184
 -0.7192
 -0.7199
 -0.7206
 -0.7213
  -0.722
 -0.7228
 -0.7235
 -0.7242
 -0.7249
 -0.7256
 -0.7263
  -0.727
 -0.7277
 -0.7284
 -0.7291
 -0.7298
 -0.7305
 -0.7313
  -0.732
 -0.7327
 -0.7334
 -0.7341
 -0.7348
 -0.7355
 -0.7361
 -0.7368
 -0.7375
 -0.7382
 -0.7389
 -0.7396
 -0.7403
  -0.741
 -0.7417
 -0.7424
 -0.7431
 -0.7437
 -0.7444
 -0.7451
 -0.7458
 -0.7465
 -0.7472
 -0.7478
 -0.7485
 -0.7492
 -0.7499
 -0.7505
 -0.7512
 -0.7519
 -0.7526
 -0.7532
 -0.7539
 -0.7546
 -0.7552
 -0.7559
 -0.7566
 -0.7572
 -0.7579
 -0.7586
 -0.7592
 -0.7599
 -0.7606
 -0.7612
 -0.7619
 -0.7625
 -0.7632
 -0.7639
 -0.7645
 -0.7652
 -0.7658
 -0.7665
 -0.7671
 -0.7678
 -0.7684
 -0.7691
 -0.7697
 -0.7704
  -0.771
 -0.7716
 -0.7723
 -0.7729
 -0.7736
 -0.7742
 -0.7749
 -0.7755
 -0.7761
 -0.7768
 -0.7774
  -0.778
 -0.7787
 -0.7793
 -0.7799
 -0.7806
 -0.7812
 -0.7818
 -0.7825
 -0.7831
 -0.7837
 -0.7843
  -0.785
 -0.7856
 -0.7862
 -0.7868
 -0.7874
 -0.7881
 -0.7887
 -0.7893
 -0.7899
 -0.7905
 -0.7911
 -0.7917
 -0.7924
  -0.793
 -0.7936
 -0.7942
 -0.7948
 -0.7954
  -0.796
 -0.7966
 -0.7972
 -0.7978
 -0.7984
  -0.799
 -0.7996
 -0.8002
 -0.8008
 -0.8014
  -0.802
 -0.8026
 -0.8032
 -0.8038
 -0.8044
  -0.805
 -0.8056
 -0.8062
 -0.8068
 -0.8073
 -0.8079
 -0.8085
 -0.8091
 -0.8097
 -0.8103
 -0.8108
 -0.8114
  -0.812
 -0.8126
 -0.8132
 -0.8137
 -0.8143
 -0.8149
 -0.8155
  -0.816
 -0.8166
 -0.8172
 -0.8177
 -0.8183
 -0.8189
 -0.8194
   -0.82
 -0.8206
 -0.8211
 -0.8217
 -0.8223
 -0.8228
 -0.8234
 -0.8239
 -0.8245
 -0.8251
 -0.8256
 -0.8262
 -0.8267
 -0.8273
 -0.8278
 -0.8284
 -0.8289
 -0.8295
   -0.83
 -0.8306
 -0.8311
 -0.8317
 -0.8322
 -0.8327
 -0.8333
 -0.8338
 -0.8344
 -0.8349
 -0.8354
  -0.836
 -0.8365
 -0.8371
 -0.8376
 -0.8381
 -0.8387
 -0.8392
 -0.8397
 -0.8402
 -0.8408
 -0.8413
 -0.8418
 -0.8423
 -0.8429
 -0.8434
 -0.8439
 -0.8444
  -0.845
 -0.8455
  -0.846
 -0.8465
  -0.847
 -0.8475
 -0.8481
 -0.8486
 -0.8491
 -0.8496
 -0.8501
 -0.8506
 -0.8511
 -0.8516
 -0.8521
 -0.8526
 -0.8531
 -0.8537
 -0.8542
 -0.8547
 -0.8552
 -0.8557
 -0.8562
 -0.8566
 -0.8571
 -0.8576
 -0.8581
 -0.8586
 -0.8591
 -0.8596
 -0.8601
 -0.8606
 -0.8611
 -0.8616
 -0.8621
 -0.8625
  -0.863
 -0.8635
  -0.864
 -0.8645
  -0.865
 -0.8654
 -0.8659
 -0.8664
 -0.8669
 -0.8673
 -0.8678
 -0.8683
 -0.8688
 -0.8692
 -0.8697
 -0.8702
 -0.8706
 -0.8711
 -0.8716
  -0.872
 -0.8725
  -0.873
 -0.8734
 -0.8739
 -0.8744
 -0.8748
 -0.8753
 -0.8757
 -0.8762
 -0.8766
 -0.8771
 -0.8776
  -0.878
 -0.8785
 -0.8789
 -0.8794
 -0.8798
 -0.8803
 -0.8807
 -0.8812
 -0.8816
  -0.882
 -0.8825
 -0.8829
 -0.8834
 -0.8838
 -0.8843
 -0.8847
 -0.8851
 -0.8856
  -0.886
 -0.8864
 -0.8869
 -0.8873
 -0.8877
 -0.8882
 -0.8886
  -0.889
 -0.8894
 -0.8899
 -0.8903
 -0.8907
 -0.8911
 -0.8916
  -0.892
 -0.8924
 -0.8928
 -0.8932
 -0.8937
 -0.8941
 -0.8945
 -0.8949
 -0.8953
 -0.8957
 -0.8961
 -0.8966
  -0.897
 -0.8974
 -0.8978
 -0.8982
 -0.8986
  -0.899
 -0.8994
 -0.8998
 -0.9002
 -0.9006
  -0.901
 -0.9014
 -0.9018
 -0.9022
 -0.9026
  -0.903
 -0.9034
 -0.9038
 -0.9042
 -0.9046
  -0.905
 -0.9053
 -0.9057
 -0.9061
 -0.9065
 -0.9069
 -0.9073
 -0.9077
  -0.908
 -0.9084
 -0.9088
 -0.9092
 -0.9096
 -0.9099
 -0.9103
 -0.9107
 -0.9111
 -0.9114
 -0.9118
 -0.9122
 -0.9126
 -0.9129
 -0.9133
 -0.9137
  -0.914
 -0.9144
 -0.9148
 -0.9151
 -0.9155
 -0.9158
 -0.9162
 -0.9166
 -0.9169
 -0.9173
 -0.9176
  -0.918
 -0.9183
 -0.9187
 -0.9191
 -0.9194
 -0.9198
 -0.9201
 -0.9205
 -0.9208
 -0.9212
 -0.9215
 -0.9218
 -0.9222
 -0.9225
 -0.9229
 -0.9232
 -0.9236
 -0.9239
 -0.9242
 -0.9246
 -0.9249
 -0.9252
 -0.9256
 -0.9259
 -0.9262
 -0.9266
 -0.9269
 -0.9272
 -0.9276
 -0.9279
 -0.9282
 -0.9285
 -0.9289
 -0.9292
 -0.9295
 -0.9298
 -0.9302
 -0.9305
 -0.9308
 -0.9311
 -0.9314
 -0.9317
 -0.9321
 -0.9324
 -0.9327
  -0.933
 -0.9333
 -0.9336
 -0.9339
 -0.9342
 -0.9345
 -0.9349
 -0.9352
 -0.9355
 -0.9358
 -0.9361
 -0.9364
 -0.9367
  -0.937
 -0.9373
 -0.9376
 -0.9379
 -0.9382
 -0.9385
 -0.9387
  -0.939
 -0.9393
 -0.9396
 -0.9399
 -0.9402
 -0.9405
 -0.9408
 -0.9411
 -0.9414
 -0.9416
 -0.9419
 -0.9422
 -0.9425
 -0.9428
  -0.943
 -0.9433
 -0.9436
 -0.9439
 -0.9441
 -0.9444
 -0.9447
  -0.945
 -0.9452
 -0.9455
 -0.9458
 -0.9461
 -0.9463
 -0.9466
 -0.9469
 -0.9471
 -0.9474
 -0.9476
 -0.9479
 -0.9482
 -0.9484
 -0.9487
 -0.9489
 -0.9492
 -0.9495
 -0.9497
   -0.95
 -0.9502
 -0.9505
 -0.9507
  -0.951
 -0.9512
 -0.9515
 -0.9517
  -0.952
 -0.9522
 -0.9525
 -0.9527
 -0.9529
 -0.9532
 -0.9534
 -0.9537
 -0.9539
 -0.9541
 -0.9544
 -0.9546
 -0.9549
 -0.9551
 -0.9553
 -0.9556
 -0.9558
  -0.956
 -0.9562
 -0.9565
 -0.9567
 -0.9569
 -0.9572
 -0.9574
 -0.9576
 -0.9578
 -0.9581
 -0.9583
 -0.9585
 -0.9587
 -0.9589
 -0.9591
 -0.9594
 -0.9596
 -0.9598
   -0.96
 -0.9602
 -0.9604
 -0.9606
 -0.9609
 -0.9611
 -0.9613
 -0.9615
 -0.9617
 -0.9619
 -0.9621
 -0.9623
 -0.9625
 -0.9627
 -0.9629
 -0.9631
 -0.9633
 -0.9635
 -0.9637
 -0.9639
 -0.9641
 -0.9643
 -0.9645
 -0.9647
 -0.9649
  -0.965
 -0.9652
 -0.9654
 -0.9656
 -0.9658
  -0.966
 -0.9662
 -0.9663
 -0.9665
 -0.9667
 -0.9669
 -0.9671
 -0.9673
 -0.9674
 -0.9676
 -0.9678
  -0.968
 -0.9681
 -0.9683
 -0.9685
 -0.9686
 -0.9688
  -0.969
 -0.9692
 -0.9693
 -0.9695
 -0.9697
 -0.9698
   -0.97
 -0.9701
 -0.9703
 -0.9705
 -0.9706
 -0.9708
 -0.9709
 -0.9711
 -0.9713
 -0.9714
 -0.9716
 -0.9717
 -0.9719
  -0.972
 -0.9722
 -0.9723
 -0.9725
 -0.9726
 -0.9728
 -0.9729
 -0.9731
 -0.9732
 -0.9734
 -0.9735
 -0.9736
 -0.9738
 -0.9739
 -0.9741
 -0.9742
 -0.9743
 -0.9745
 -0.9746
 -0.9747
 -0.9749
  -0.975
 -0.9751
 -0.9753
 -0.9754
 -0.9755
 -0.9757
 -0.9758
 -0.9759
  -0.976
 -0.9762
 -0.9763
 -0.9764
 -0.9765
 -0.9766
 -0.9768
 -0.9769
  -0.977
 -0.9771
 -0.9772
 -0.9774
 -0.9775
 -0.9776
 -0.9777
 -0.9778
 -0.9779
  -0.978
 -0.9781
 -0.9782
 -0.9783
 -0.9785
 -0.9786
 -0.9787
 -0.9788
 -0.9789
  -0.979
 -0.9791
 -0.9792
 -0.9793
 -0.9794
 -0.9795
 -0.9796
 -0.9797
 -0.9797
 -0.9798
 -0.9799
   -0.98
 -0.9801
 -0.9802
 -0.9803
 -0.9804
 -0.9805
 -0.9806
 -0.9806
 -0.9807
 -0.9808
 -0.9809
  -0.981
 -0.9811
 -0.9811
 -0.9812
 -0.9813
 -0.9814
 -0.9814
 -0.9815
 -0.9816
 -0.9817
 -0.9817
 -0.9818
 -0.9819
  -0.982
  -0.982
 -0.9821
 -0.9822
 -0.9822
 -0.9823
 -0.9824
 -0.9824
 -0.9825
 -0.9825
 -0.9826
 -0.9827
 -0.9827
 -0.9828
 -0.9828
 -0.9829
  -0.983
  -0.983
 -0.9831
 -0.9831
 -0.9832
 -0.9832
 -0.9833
 -0.9833
 -0.9834
 -0.9834
 -0.9835
 -0.9835
 -0.9836
 -0.9836
 -0.9836
 -0.9837
 -0.9837
 -0.9838
 -0.9838
 -0.9838
 -0.9839
 -0.9839
  -0.984
  -0.984
  -0.984
 -0.9841
 -0.9841
 -0.9841
 -0.9842
 -0.9842
 -0.9842
 -0.9842
 -0.9843
 -0.9843
 -0.9843
 -0.9843
 -0.9844
 -0.9844
 -0.9844
 -0.9844
 -0.9845
 -0.9845
 -0.9845
 -0.9845
 -0.9845
 -0.9845
 -0.9846
 -0.9846
 -0.9846
 -0.9846
 -0.9846
 -0.9846
 -0.9846
 -0.9846
 -0.9847
 -0.9847
 -0.9847
 -0.9847
 -0.9847
 -0.9847
 -0.9847
 -0.9847
 -0.9847
 -0.9847
 -0.9847
 -0.9847
 -0.9847
 -0.9847
 -0.9847
 -0.9847
 -0.9847
 -0.9847
 -0.9847
 -0.9847
 -0.9846
 -0.9846
 -0.9846
 -0.9846
 -0.9846
 -0.9846
 -0.9846
 -0.9846
 -0.9845
 -0.9845
 -0.9845
 -0.9845
 -0.9845
 -0.9844
 -0.9844
 -0.9844
 -0.9844
 -0.9844
 -0.9843
 -0.9843
 -0.9843
 -0.9843
 -0.9842
 -0.9842
 -0.9842
 -0.9841
 -0.9841
 -0.9841
  -0.984
  -0.984
  -0.984
 -0.9839
 -0.9839
 -0.9839
 -0.9838
 -0.9838
 -0.9838
 -0.9837
 -0.9837
 -0.9836
 -0.9836
 -0.9835
 -0.9835
 -0.9835
 -0.9834
 -0.9834
 -0.9833
 -0.9833
 -0.9832
 -0.9832
 -0.9831
 -0.9831
  -0.983
  -0.983
 -0.9829
 -0.9829
 -0.9828
 -0.9827
 -0.9827
 -0.9826
 -0.9826
 -0.9825
 -0.9824
 -0.9824
 -0.9823
 -0.9823
 -0.9822
 -0.9821
 -0.9821
  -0.982
 -0.9819
 -0.9819
 -0.9818
 -0.9817
 -0.9816
 -0.9816
 -0.9815
 -0.9814
 -0.9814
 -0.9813
 -0.9812
 -0.9811
  -0.981
  -0.981
 -0.9809
 -0.9808
 -0.9807
 -0.9806
 -0.9806
 -0.9805
 -0.9804
 -0.9803
 -0.9802
 -0.9801
 -0.9801
   -0.98
 -0.9799
 -0.9798
 -0.9797
 -0.9796
 -0.9795
 -0.9794
 -0.9793
 -0.9792
 -0.9791
  -0.979
 -0.9789
 -0.9788
 -0.9787
 -0.9786
 -0.9785
 -0.9784
 -0.9783
 -0.9782
 -0.9781
  -0.978
 -0.9779
 -0.9778
 -0.9777
 -0.9776
 -0.9775
 -0.9774
 -0.9773
 -0.9772
 -0.9771
 -0.9769
 -0.9768
 -0.9767
 -0.9766
 -0.9765
 -0.9764
 -0.9763
 -0.9761
  -0.976
 -0.9759
 -0.9758
 -0.9757
 -0.9755
 -0.9754
 -0.9753
 -0.9752
  -0.975
 -0.9749
 -0.9748
 -0.9747
 -0.9745
 -0.9744
 -0.9743
 -0.9742
  -0.974
 -0.9739
 -0.9738
 -0.9736
 -0.9735
 -0.9734
 -0.9732
 -0.9731
 -0.9729
 -0.9728
 -0.9727
 -0.9725
 -0.9724
 -0.9722
 -0.9721
  -0.972
 -0.9718
 -0.9717
 -0.9715
 -0.9714
 -0.9712
 -0.9711
 -0.9709
 -0.9708
 -0.9706
 -0.9705
 -0.9703
 -0.9702
   -0.97
 -0.9699
 -0.9697
 -0.9696
 -0.9694
 -0.9693
 -0.9691
 -0.9689
 -0.9688
 -0.9686
 -0.9685
 -0.9683
 -0.9681
  -0.968
 -0.9678
 -0.9676
 -0.9675
 -0.9673
 -0.9671
  -0.967
 -0.9668
 -0.9666
 -0.9665
 -0.9663
 -0.9661
  -0.966
 -0.9658
 -0.9656
 -0.9654
 -0.9653
 -0.9651
 -0.9649
 -0.9647
 -0.9646
 -0.9644
 -0.9642
  -0.964
 -0.9638
 -0.9637
 -0.9635
 -0.9633
 -0.9631
 -0.9629
 -0.9627
 -0.9626
 -0.9624
 -0.9622
  -0.962
 -0.9618
 -0.9616
 -0.9614
 -0.9612
  -0.961
 -0.9608
 -0.9607
 -0.9605
 -0.9603
 -0.9601
 -0.9599
 -0.9597
 -0.9595
 -0.9593
 -0.9591
 -0.9589
 -0.9587
 -0.9585
 -0.9583
 -0.9581
 -0.9579
 -0.9577
 -0.9575
 -0.9573
  -0.957
 -0.9568
 -0.9566
 -0.9564
 -0.9562
  -0.956
 -0.9558
 -0.9556
 -0.9554
 -0.9552
 -0.9549
 -0.9547
 -0.9545
 -0.9543
 -0.9541
 -0.9539
 -0.9536
 -0.9534
 -0.9532
  -0.953
 -0.9528
 -0.9525
 -0.9523
 -0.9521
 -0.9519
 -0.9516
 -0.9514
 -0.9512
  -0.951
 -0.9507
 -0.9505
 -0.9503
 -0.9501
 -0.9498
 -0.9496
 -0.9494
 -0.9491
 -0.9489
 -0.9487
 -0.9484
 -0.9482
  -0.948
 -0.9477
 -0.9475
 -0.9472
  -0.947
 -0.9468
 -0.9465
 -0.9463
  -0.946
 -0.9458
 -0.9456
 -0.9453
 -0.9451
 -0.9448
 -0.9446
 -0.9443
 -0.9441
 -0.9438
 -0.9436
 -0.9433
 -0.9431
 -0.9428
 -0.9426
 -0.9423
 -0.9421
 -0.9418
 -0.9416
 -0.9413
 -0.9411
 -0.9408
 -0.9406
 -0.9403
   -0.94
 -0.9398
 -0.9395
 -0.9393
  -0.939
 -0.9387
 -0.9385
 -0.9382
  -0.938
 -0.9377
 -0.9374
 -0.9372
 -0.9369
 -0.9366
 -0.9364
 -0.9361
 -0.9358
 -0.9355
 -0.9353
  -0.935
 -0.9347
 -0.9345
 -0.9342
 -0.9339
 -0.9336
 -0.9334
 -0.9331
 -0.9328
 -0.9325
 -0.9323
  -0.932
 -0.9317
 -0.9314
 -0.9311
 -0.9309
 -0.9306
 -0.9303
   -0.93
 -0.9297
 -0.9294
 -0.9292
 -0.9289
 -0.9286
 -0.9283
  -0.928
 -0.9277
 -0.9274
 -0.9272
 -0.9269
 -0.9266
 -0.9263
  -0.926
 -0.9257
 -0.9254
 -0.9251
 -0.9248
 -0.9245
 -0.9242
 -0.9239
 -0.9236
 -0.9233
  -0.923
 -0.9227
 -0.9224
 -0.9221
 -0.9218
 -0.9215
 -0.9212
 -0.9209
 -0.9206
 -0.9203
   -0.92
 -0.9197
 -0.9194
 -0.9191
 -0.9188
 -0.9185
 -0.9182
 -0.9179
 -0.9176
 -0.9172
 -0.9169
 -0.9166
 -0.9163
  -0.916
 -0.9157
 -0.9154
 -0.9151
 -0.9147
 -0.9144
 -0.9141
 -0.9138
 -0.9135
 -0.9131
 -0.9128
 -0.9125
 -0.9122
 -0.9119
 -0.9115
 -0.9112
 -0.9109
 -0.9106
 -0.9103
 -0.9099
 -0.9096
 -0.9093
 -0.9089
 -0.9086
 -0.9083
  -0.908
 -0.9076
 -0.9073
  -0.907
 -0.9066
 -0.9063
  -0.906
 -0.9056
 -0.9053
  -0.905
 -0.9046
 -0.9043
  -0.904
 -0.9036
 -0.9033
  -0.903
 -0.9026
 -0.9023
 -0.9019
 -0.9016
 -0.9013
 -0.9009
 -0.9006
 -0.9002
 -0.8999
 -0.8996
 -0.8992
 -0.8989
 -0.8985
 -0.8982
 -0.8978
 -0.8975
 -0.8971
 -0.8968
 -0.8964
 -0.8961
 -0.8957
 -0.8954
  -0.895
 -0.8947
 -0.8943
  -0.894
 -0.8936
 -0.8933
 -0.8929
 -0.8926
 -0.8922
 -0.8918
 -0.8915
 -0.8911
 -0.8908
 -0.8904
 -0.8901
 -0.8897
 -0.8893
  -0.889
 -0.8886
 -0.8883
 -0.8879
 -0.8875
 -0.8872
 -0.8868
 -0.8864
 -0.8861
 -0.8857
 -0.8853
  -0.885
 -0.8846
 -0.8842
 -0.8839
 -0.8835
 -0.8831
 -0.8828
 -0.8824
  -0.882
 -0.8816
 -0.8813
 -0.8809
 -0.8805
 -0.8801
 -0.8798
 -0.8794
  -0.879
 -0.8786
 -0.8783
 -0.8779
 -0.8775
 -0.8771
 -0.8767
 -0.8764
  -0.876
 -0.8756
 -0.8752
 -0.8748
 -0.8745
 -0.8741
 -0.8737
 -0.8733
 -0.8729
 -0.8725
 -0.8721
 -0.8718
 -0.8714
  -0.871
 -0.8706
 -0.8702
 -0.8698
 -0.8694
  -0.869
 -0.8687
 -0.8683
 -0.8679
 -0.8675
 -0.8671
 -0.8667
 -0.8663
 -0.8659
 -0.8655
 -0.8651
 -0.8647
 -0.8643
 -0.8639
 -0.8635
 -0.8631
 -0.8627
 -0.8623
 -0.8619
 -0.8615
 -0.8611
 -0.8607
 -0.8603
 -0.8599
 -0.8595
 -0.8591
 -0.8587
 -0.8583
 -0.8579
 -0.8575
 -0.8571
 -0.8567
 -0.8563
 -0.8559
 -0.8555
  -0.855
 -0.8546
 -0.8542
 -0.8538
 -0.8534
  -0.853
 -0.8526
 -0.8522
 -0.8518
 -0.8513
 -0.8509
 -0.8505
 -0.8501
 -0.8497
 -0.8493
 -0.8489
 -0.8484
  -0.848
 -0.8476
 -0.8472
 -0.8468
 -0.8463
 -0.8459
 -0.8455
 -0.8451
 -0.8447
 -0.8442
 -0.8438
 -0.8434
  -0.843
 -0.8426
 -0.8421
 -0.8417
 -0.8413
 -0.8409
 -0.8404
   -0.84
 -0.8396
 -0.8391
 -0.8387
 -0.8383
 -0.8379
 -0.8374
  -0.837
 -0.8366
 -0.8361
 -0.8357
 -0.8353
 -0.8348
 -0.8344
  -0.834
 -0.8335
 -0.8331
 -0.8327
 -0.8322
 -0.8318
 -0.8314
 -0.8309
 -0.8305
 -0.8301
 -0.8296
 -0.8292
 -0.8287
 -0.8283
 -0.8279
 -0.8274
  -0.827
 -0.8265
 -0.8261
 -0.8257
 -0.8252
 -0.8248
 -0.8243
 -0.8239
 -0.8234
  -0.823
 -0.8226
 -0.8221
 -0.8217
 -0.8212
 -0.8208
 -0.8203
 -0.8199
 -0.8194
  -0.819
 -0.8185
 -0.8181
 -0.8176
 -0.8172
 -0.8167
 -0.8163
 -0.8158
 -0.8154
 -0.8149
 -0.8145
  -0.814
 -0.8136
 -0.8131
 -0.8126
 -0.8122
 -0.8117
 -0.8113
 -0.8108
 -0.8104
 -0.8099
 -0.8094
  -0.809
 -0.8085
 -0.8081
 -0.8076
 -0.8072
 -0.8067
 -0.8062
 -0.8058
 -0.8053
 -0.8048
 -0.8044
 -0.8039
 -0.8035
  -0.803
 -0.8025
 -0.8021
 -0.8016
 -0.8011
 -0.8007
 -0.8002
 -0.7997
 -0.7993
 -0.7988
 -0.7983
 -0.7979
 -0.7974
 -0.7969
 -0.7964
  -0.796
 -0.7955
  -0.795
 -0.7946
 -0.7941
 -0.7936
 -0.7931
 -0.7927
 -0.7922
 -0.7917
 -0.7913
 -0.7908
 -0.7903
 -0.7898
 -0.7894
 -0.7889
 -0.7884
 -0.7879
 -0.7874
  -0.787
 -0.7865
  -0.786
 -0.7855
 -0.7851
 -0.7846
 -0.7841
 -0.7836
 -0.7831
 -0.7826
 -0.7822
 -0.7817
 -0.7812
 -0.7807
 -0.7802
 -0.7798
 -0.7793
 -0.7788
 -0.7783
 -0.7778
 -0.7773
 -0.7768
 -0.7764
 -0.7759
 -0.7754
 -0.7749
 -0.7744
 -0.7739
 -0.7734
 -0.7729
 -0.7724
  -0.772
 -0.7715
  -0.771
 -0.7705
   -0.77
 -0.7695
  -0.769
 -0.7685
  -0.768
 -0.7675
  -0.767
 -0.7665
 -0.7661
 -0.7656
 -0.7651
 -0.7646
 -0.7641
 -0.7636
 -0.7631
 -0.7626
 -0.7621
 -0.7616
 -0.7611
 -0.7606
 -0.7601
 -0.7596
 -0.7591
 -0.7586
 -0.7581
 -0.7576
 -0.7571
 -0.7566
 -0.7561
 -0.7556
 -0.7551
 -0.7546
 -0.7541
 -0.7536
 -0.7531
 -0.7526
 -0.7521
 -0.7516
 -0.7511
 -0.7506
 -0.7501
 -0.7495
  -0.749
 -0.7485
  -0.748
 -0.7475
  -0.747
 -0.7465
  -0.746
 -0.7455
  -0.745
 -0.7445
  -0.744
 -0.7435
 -0.7429
 -0.7424
 -0.7419
 -0.7414
 -0.7409
 -0.7404
 -0.7399
 -0.7394
 -0.7389
 -0.7383
 -0.7378
 -0.7373
 -0.7368
 -0.7363
 -0.7358
 -0.7353
 -0.7347
 -0.7342
 -0.7337
 -0.7332
 -0.7327
 -0.7322
 -0.7316
 -0.7311
 -0.7306
 -0.7301
 -0.7296
 -0.7291
 -0.7285
  -0.728
 -0.7275
  -0.727
 -0.7265
 -0.7259
 -0.7254
 -0.7249
 -0.7244
 -0.7239
 -0.7233
 -0.7228
 -0.7223
 -0.7218
 -0.7212
 -0.7207
 -0.7202
 -0.7197
 -0.7191
 -0.7186
 -0.7181
 -0.7176
  -0.717
 -0.7165
  -0.716
 -0.7155
 -0.7149
 -0.7144
 -0.7139
 -0.7134
 -0.7128
 -0.7123
 -0.7118
 -0.7112
 -0.7107
 -0.7102
 -0.7097
 -0.7091
 -0.7086
 -0.7081
 -0.7075
  -0.707
 -0.7065
 -0.7059
 -0.7054
 -0.7049
 -0.7044
 -0.7038
 -0.7033
 -0.7028
 -0.7022
 -0.7017
 -0.7012
 -0.7006
 -0.7001
 -0.6996
  -0.699
 -0.6985
  -0.698
 -0.6974
 -0.6969
 -0.6963
 -0.6958
 -0.6953
 -0.6947
 -0.6942
 -0.6937
 -0.6931
 -0.6926
  -0.692
 -0.6915
  -0.691
 -0.6904
 -0.6899
 -0.6894
 -0.6888
 -0.6883
 -0.6877
 -0.6872
 -0.6867
 -0.6861
 -0.6856
  -0.685
 -0.6845
 -0.6839
 -0.6834
 -0.6829
 -0.6823
 -0.6818
 -0.6812
 -0.6807
 -0.6802
 -0.6796
 -0.6791
 -0.6785
  -0.678
 -0.6774
 -0.6769
 -0.6763
 -0.6758
 -0.6753
 -0.6747
 -0.6742
 -0.6736
 -0.6731
 -0.6725
  -0.672
 -0.6714
 -0.6709
 -0.6703
 -0.6698
 -0.6692
 -0.6687
 -0.6681
 -0.6676
  -0.667
 -0.6665
 -0.6659
 -0.6654
 -0.6649
 -0.6643
 -0.6638
 -0.6632
 -0.6627
 -0.6621
 -0.6615
  -0.661
 -0.6604
 -0.6599
 -0.6593
 -0.6588
 -0.6582
 -0.6577
 -0.6571
 -0.6566
  -0.656
 -0.6555
 -0.6549
 -0.6544
 -0.6538
 -0.6533
 -0.6527
 -0.6522
 -0.6516
  -0.651
 -0.6505
 -0.6499
 -0.6494
 -0.6488
 -0.6483
 -0.6477
 -0.6472
 -0.6466
 -0.6461
 -0.6455
 -0.6449
 -0.6444
 -0.6438
 -0.6433
 -0.6427
 -0.6422
 -0.6416
  -0.641
 -0.6405
 -0.6399
 -0.6394
 -0.6388
 -0.6382
 -0.6377
 -0.6371
 -0.6366
  -0.636
 -0.6355
 -0.6349
 -0.6343
 -0.6338
 -0.6332
 -0.6327
 -0.6321
 -0.6315
  -0.631
 -0.6304
 -0.6298
 -0.6293
 -0.6287
 -0.6282
 -0.6276
  -0.627
 -0.6265
 -0.6259
 -0.6254
 -0.6248
 -0.6242
 -0.6237
 -0.6231
 -0.6225
  -0.622
 -0.6214
 -0.6208
 -0.6203
 -0.6197
 -0.6192
 -0.6186
  -0.618
 -0.6175
 -0.6169
 -0.6163
 -0.6158
 -0.6152
 -0.6146
 -0.6141
 -0.6135
 -0.6129
 -0.6124
 -0.6118
 -0.6112
 -0.6107
 -0.6101
 -0.6095
  -0.609
 -0.6084
 -0.6078
 -0.6073
 -0.6067
 -0.6061
 -0.6056
  -0.605
 -0.6044
 -0.6039
 -0.6033
 -0.6027
 -0.6022
 -0.6016
  -0.601
 -0.6005
 -0.5999
 -0.5993
 -0.5988
 -0.5982
 -0.5976
 -0.5971
 -0.5965
 -0.5959
 -0.5954
 -0.5948
 -0.5942
 -0.5936
 -0.5931
 -0.5925
 -0.5919
 -0.5914
 -0.5908
 -0.5902
 -0.5897
 -0.5891
 -0.5885
 -0.5879
 -0.5874
 -0.5868
 -0.5862
 -0.5857
 -0.5851
 -0.5845
 -0.5839
 -0.5834
 -0.5828
 -0.5822
 -0.5817
 -0.5811
 -0.5805
 -0.5799
 -0.5794
 -0.5788
 -0.5782
 -0.5776
 -0.5771
 -0.5765
 -0.5759
 -0.5754
 -0.5748
 -0.5742
 -0.5736
 -0.5731
 -0.5725
 -0.5719
 -0.5713
 -0.5708
 -0.5702
 -0.5696
 -0.5691
 -0.5685
 -0.5679
 -0.5673
 -0.5668
 -0.5662
 -0.5656
  -0.565
 -0.5645
 -0.5639
 -0.5633
 -0.5627
 -0.5622
 -0.5616
  -0.561
 -0.5604
 -0.5599
 -0.5593
 -0.5587
 -0.5581
 -0.5576
  -0.557
 -0.5564
 -0.5558
 -0.5553
 -0.5547
 -0.5541
 -0.5535
  -0.553
 -0.5524
 -0.5518
 -0.5512
 -0.5507
 -0.5501
 -0.5495
 -0.5489
 -0.5484
 -0.5478
 -0.5472
 -0.5466
  -0.546
 -0.5455
 -0.5449
 -0.5443
 -0.5437
 -0.5432
 -0.5426
  -0.542
 -0.5414
 -0.5409
 -0.5403
 -0.5397
 -0.5391
 -0.5386
  -0.538
 -0.5374
 -0.5368
 -0.5362
 -0.5357
 -0.5351
 -0.5345
 -0.5339
 -0.5334
 -0.5328
 -0.5322
 -0.5316
 -0.5311
 -0.5305
 -0.5299
 -0.5293
 -0.5287
 -0.5282
 -0.5276
  -0.527
 -0.5264
 -0.5259
 -0.5253
 -0.5247
 -0.5241
 -0.5236
  -0.523
 -0.5224
 -0.5218
 -0.5212
 -0.5207
 -0.5201
 -0.5195
 -0.5189
 -0.5184
 -0.5178
 -0.5172
 -0.5166
  -0.516
 -0.5155
 -0.5149
 -0.5143
 -0.5137
 -0.5132
 -0.5126
  -0.512
 -0.5114
 -0.5109
 -0.5103
 -0.5097
 -0.5091
 -0.5085
  -0.508
 -0.5074
 -0.5068
 -0.5062
 -0.5057
 -0.5051
 -0.5045
 -0.5039
 -0.5033
 -0.5028
 -0.5022
 -0.5016
  -0.501
 -0.5005
 -0.4999
 -0.4993
 -0.4987
 -0.4982
 -0.4976
  -0.497
 -0.4964
 -0.4958
 -0.4953
 -0.4947
 -0.4941
 -0.4935
  -0.493
 -0.4924
 -0.4918
 -0.4912
 -0.4907
 -0.4901
 -0.4895
 -0.4889
 -0.4883
 -0.4878
 -0.4872
 -0.4866
  -0.486
 -0.4855
 -0.4849
 -0.4843
 -0.4837
 -0.4832
 -0.4826
  -0.482
 -0.4814
 -0.4809
 -0.4803
 -0.4797
 -0.4791
 -0.4785
  -0.478
 -0.4774
 -0.4768
 -0.4762
 -0.4757
 -0.4751
 -0.4745
 -0.4739
 -0.4734
 -0.4728
 -0.4722
 -0.4716
 -0.4711
 -0.4705
 -0.4699
 -0.4693
 -0.4688
 -0.4682
 -0.4676
  -0.467
 -0.4665
 -0.4659
 -0.4653
 -0.4647
 -0.4642
 -0.4636
  -0.463
 -0.4624
 -0.4619
 -0.4613
 -0.4607
 -0.4601
 -0.4596
  -0.459
 -0.4584
 -0.4578
 -0.4573
 -0.4567
 -0.4561
 -0.4556
  -0.455
 -0.4544
 -0.4538
 -0.4533
 -0.4527
 -0.4521
 -0.4515
  -0.451
 -0.4504
 -0.4498
 -0.4492
 -0.4487
 -0.4481
 -0.4475
  -0.447
 -0.4464
 -0.4458
 -0.4452
 -0.4447
 -0.4441
 -0.4435
  -0.443
 -0.4424
 -0.4418
 -0.4412
 -0.4407
 -0.4401
 -0.4395
  -0.439
 -0.4384
 -0.4378
 -0.4372
 -0.4367
 -0.4361
 -0.4355
  -0.435
 -0.4344
 -0.4338
 -0.4332
 -0.4327
 -0.4321
 -0.4315
  -0.431
 -0.4304
 -0.4298
 -0.4293
 -0.4287
 -0.4281
 -0.4275
  -0.427
 -0.4264
 -0.4258
 -0.4253
 -0.4247
 -0.4241
 -0.4236
  -0.423
 -0.4224
 -0.4219
 -0.4213
 -0.4207
 -0.4202
 -0.4196
  -0.419
 -0.4185
 -0.4179
 -0.4173
 -0.4168
 -0.4162
 -0.4156
 -0.4151
 -0.4145
 -0.4139
 -0.4134
 -0.4128
 -0.4122
 -0.4117
 -0.4111
 -0.4105
   -0.41
 -0.4094
 -0.4088
 -0.4083
 -0.4077
 -0.4071
 -0.4066
  -0.406
 -0.4055
 -0.4049
 -0.4043
 -0.4038
 -0.4032
 -0.4026
 -0.4021
 -0.4015
 -0.4009
 -0.4004
 -0.3998
 -0.3993
 -0.3987
 -0.3981
 -0.3976
  -0.397
 -0.3964
 -0.3959
 -0.3953
 -0.3948
 -0.3942
 -0.3936
 -0.3931
 -0.3925
  -0.392
 -0.3914
 -0.3908
 -0.3903
 -0.3897
 -0.3892
 -0.3886
  -0.388
 -0.3875
 -0.3869
 -0.3864
 -0.3858
 -0.3852
 -0.3847
 -0.3841
 -0.3836
  -0.383
 -0.3825
 -0.3819
 -0.3813
 -0.3808
 -0.3802
 -0.3797
 -0.3791
 -0.3786
  -0.378
 -0.3774
 -0.3769
 -0.3763
 -0.3758
 -0.3752
 -0.3747
 -0.3741
 -0.3736
  -0.373
 -0.3724
 -0.3719
 -0.3713
 -0.3708
 -0.3702
 -0.3697
 -0.3691
 -0.3686
  -0.368
 -0.3675
 -0.3669
 -0.3664
 -0.3658
 -0.3653
 -0.3647
 -0.3641
 -0.3636
  -0.363
 -0.3625
 -0.3619
 -0.3614
 -0.3608
 -0.3603
 -0.3597
 -0.3592
 -0.3586
 -0.3581
 -0.3575
  -0.357
 -0.3564
 -0.3559
 -0.3553
 -0.3548
 -0.3542
 -0.3537
 -0.3532
 -0.3526
 -0.3521
 -0.3515
  -0.351
 -0.3504
 -0.3499
 -0.3493
 -0.3488
 -0.3482
 -0.3477
 -0.3471
 -0.3466
 -0.3461
 -0.3455
  -0.345
 -0.3444
 -0.3439
 -0.3433
 -0.3428
 -0.3422
 -0.3417
 -0.3412
 -0.3406
 -0.3401
 -0.3395
  -0.339
 -0.3384
 -0.3379
 -0.3374
 -0.3368
 -0.3363
 -0.3357
 -0.3352
 -0.3347
 -0.3341
 -0.3336
  -0.333
 -0.3325
  -0.332
 -0.3314
 -0.3309
 -0.3303
 -0.3298
 -0.3293
 -0.3287
 -0.3282
 -0.3277
 -0.3271
 -0.3266
  -0.326
 -0.3255
  -0.325
 -0.3244
 -0.3239
 -0.3234
 -0.3228
 -0.3223
 -0.3218
 -0.3212
 -0.3207
 -0.3202
 -0.3196
 -0.3191
 -0.3186
  -0.318
 -0.3175
  -0.317
 -0.3164
 -0.3159
 -0.3154
 -0.3148
 -0.3143
 -0.3138
 -0.3132
 -0.3127
 -0.3122
 -0.3117
 -0.3111
 -0.3106
 -0.3101
 -0.3095
  -0.309
 -0.3085
 -0.3079
 -0.3074
 -0.3069
 -0.3064
 -0.3058
 -0.3053
 -0.3048
 -0.3043
 -0.3037
 -0.3032
 -0.3027
 -0.3022
 -0.3016
 -0.3011
 -0.3006
 -0.3001
 -0.2995
  -0.299
 -0.2985
  -0.298
 -0.2974
 -0.2969
 -0.2964
 -0.2959
 -0.2954
 -0.2948
 -0.2943
 -0.2938
 -0.2933
 -0.2928
 -0.2922
 -0.2917
 -0.2912
 -0.2907
 -0.2902
 -0.2896
 -0.2891
 -0.2886
 -0.2881
 -0.2876
 -0.2871
 -0.2865
  -0.286
 -0.2855
  -0.285
 -0.2845
  -0.284
 -0.2834
 -0.2829
 -0.2824
 -0.2819
 -0.2814
 -0.2809
 -0.2804
 -0.2798
 -0.2793
 -0.2788
 -0.2783
 -0.2778
 -0.2773
 -0.2768
 -0.2763
 -0.2758
 -0.2752
 -0.2747
 -0.2742
 -0.2737
 -0.2732
 -0.2727
 -0.2722
 -0.2717
 -0.2712
 -0.2707
 -0.2702
 -0.2697
 -0.2692
 -0.2686
 -0.2681
 -0.2676
 -0.2671
 -0.2666
 -0.2661
 -0.2656
 -0.2651
 -0.2646
 -0.2641
 -0.2636
 -0.2631
 -0.2626
 -0.2621
 -0.2616
 -0.2611
 -0.2606
 -0.2601
 -0.2596
 -0.2591
 -0.2586
 -0.2581
 -0.2576
 -0.2571
 -0.2566
 -0.2561
 -0.2556
 -0.2551
 -0.2546
 -0.2541
 -0.2536
 -0.2531
 -0.2526
 -0.2521
 -0.2516
 -0.2511
 -0.2506
 -0.2501
 -0.2497
 -0.2492
 -0.2487
 -0.2482
 -0.2477
 -0.2472
 -0.2467
 -0.2462
 -0.2457
 -0.2452
 -0.2447
 -0.2442
 -0.2438
 -0.2433
 -0.2428
 -0.2423
 -0.2418
 -0.2413
 -0.2408
 -0.2403
 -0.2399
 -0.2394
 -0.2389
 -0.2384
 -0.2379
 -0.2374
 -0.2369
 -0.2365
  -0.236
 -0.2355
  -0.235
 -0.2345
  -0.234
 -0.2336
 -0.2331
 -0.2326
 -0.2321
 -0.2316
 -0.2311
 -0.2307
 -0.2302
 -0.2297
 -0.2292
 -0.2287
 -0.2283
 -0.2278
 -0.2273
 -0.2268
 -0.2264
 -0.2259
 -0.2254
 -0.2249
 -0.2245
  -0.224
 -0.2235
  -0.223
 -0.2226
 -0.2221
 -0.2216
 -0.2211
 -0.2207
 -0.2202
 -0.2197
 -0.2193
 -0.2188
 -0.2183
 -0.2178
 -0.2174
 -0.2169
 -0.2164
  -0.216
 -0.2155
  -0.215
 -0.2146
 -0.2141
 -0.2136
 -0.2132
 -0.2127
 -0.2122
 -0.2118
 -0.2113
 -0.2108
 -0.2104
 -0.2099
 -0.2094
  -0.209
 -0.2085
 -0.2081
 -0.2076
 -0.2071
 -0.2067
 -0.2062
 -0.2057
 -0.2053
 -0.2048
 -0.2044
 -0.2039
 -0.2035
  -0.203
 -0.2025
 -0.2021
 -0.2016
 -0.2012
 -0.2007
 -0.2003
 -0.1998
 -0.1993
 -0.1989
 -0.1984
  -0.198
 -0.1975
 -0.1971
 -0.1966
 -0.1962
 -0.1957
 -0.1953
 -0.1948
 -0.1944
 -0.1939
 -0.1935
  -0.193
 -0.1926
 -0.1921
 -0.1917
 -0.1912
 -0.1908
 -0.1903
 -0.1899
 -0.1894
  -0.189
 -0.1886
 -0.1881
 -0.1877
 -0.1872
 -0.1868
 -0.1863
 -0.1859
 -0.1854
  -0.185
 -0.1846
 -0.1841
 -0.1837
 -0.1832
 -0.1828
 -0.1824
 -0.1819
 -0.1815
 -0.1811
 -0.1806
 -0.1802
 -0.1797
 -0.1793
 -0.1789
 -0.1784
  -0.178
 -0.1776
 -0.1771
 -0.1767
 -0.1763
 -0.1758
 -0.1754
  -0.175
 -0.1745
 -0.1741
 -0.1737
 -0.1732
 -0.1728
 -0.1724
  -0.172
 -0.1715
 -0.1711
 -0.1707
 -0.1702
 -0.1698
 -0.1694
  -0.169
 -0.1685
 -0.1681
 -0.1677
 -0.1673
 -0.1668
 -0.1664
  -0.166
 -0.1656
 -0.1651
 -0.1647
 -0.1643
 -0.1639
 -0.1635
  -0.163
 -0.1626
 -0.1622
 -0.1618
 -0.1614
  -0.161
 -0.1605
 -0.1601
 -0.1597
 -0.1593
 -0.1589
 -0.1585
  -0.158
 -0.1576
 -0.1572
 -0.1568
 -0.1564
  -0.156
 -0.1556
 -0.1552
 -0.1547
 -0.1543
 -0.1539
 -0.1535
 -0.1531
 -0.1527
 -0.1523
 -0.1519
 -0.1515
 -0.1511
 -0.1507
 -0.1502
 -0.1498
 -0.1494
  -0.149
 -0.1486
 -0.1482
 -0.1478
 -0.1474
  -0.147
 -0.1466
 -0.1462
 -0.1458
 -0.1454
  -0.145
 -0.1446
 -0.1442
 -0.1438
 -0.1434
  -0.143
 -0.1426
 -0.1422
 -0.1418
 -0.1414
  -0.141
 -0.1406
 -0.1403
 -0.1399
 -0.1395
 -0.1391
 -0.1387
 -0.1383
 -0.1379
 -0.1375
 -0.1371
 -0.1367
 -0.1363
 -0.1359
 -0.1356
 -0.1352
 -0.1348
 -0.1344
  -0.134
 -0.1336
 -0.1332
 -0.1328
 -0.1325
 -0.1321
 -0.1317
 -0.1313
 -0.1309
 -0.1305
 -0.1302
 -0.1298
 -0.1294
  -0.129
 -0.1286
 -0.1283
 -0.1279
 -0.1275
 -0.1271
 -0.1267
 -0.1264
  -0.126
 -0.1256
 -0.1252
 -0.1249
 -0.1245
 -0.1241
 -0.1237
 -0.1234
  -0.123
 -0.1226
 -0.1223
 -0.1219
 -0.1215
 -0.1211
 -0.1208
 -0.1204
   -0.12
 -0.1197
 -0.1193
 -0.1189
 -0.1186
 -0.1182
 -0.1178
 -0.1175
 -0.1171
 -0.1167
 -0.1164
  -0.116
 -0.1156
 -0.1153
 -0.1149
 -0.1146
 -0.1142
 -0.1138
 -0.1135
 -0.1131
 -0.1128
 -0.1124
  -0.112
 -0.1117
 -0.1113
  -0.111
 -0.1106
 -0.1103
 -0.1099
 -0.1096
 -0.1092
 -0.1089
 -0.1085
 -0.1081
 -0.1078
 -0.1074
 -0.1071
 -0.1067
 -0.1064
  -0.106
 -0.1057
 -0.1053
  -0.105
 -0.1047
 -0.1043
  -0.104
 -0.1036
 -0.1033
 -0.1029
 -0.1026
 -0.1022
 -0.1019
 -0.1016
 -0.1012
 -0.1009
 -0.1005
 -0.1002
-0.09985
-0.09951
-0.09917
-0.09883
-0.09849
-0.09815
-0.09782
-0.09748
-0.09715
-0.09681
-0.09648
-0.09614
-0.09581
-0.09547
-0.09514
-0.09481
-0.09448
-0.09415
-0.09382
-0.09349
-0.09316
-0.09283
 -0.0925
-0.09217
-0.09184
-0.09152
-0.09119
-0.09087
-0.09054
-0.09022
-0.08989
-0.08957
-0.08924
-0.08892
 -0.0886
-0.08828
-0.08796
-0.08764
-0.08732
  -0.087
-0.08668
-0.08636
-0.08604
-0.08573
-0.08541
-0.08509
-0.08478
-0.08446
-0.08415
-0.08383
-0.08352
-0.08321
-0.08289
-0.08258
-0.08227
-0.08196
-0.08165
-0.08134
-0.08103
-0.08072
-0.08041
-0.08011
 -0.0798
-0.07949
-0.07919
-0.07888
-0.07858
-0.07827
-0.07797
-0.07766
-0.07736
-0.07706
-0.07676
-0.07646
-0.07616
-0.07586
-0.07556
-0.07526
-0.07496
-0.07466
-0.07437
-0.07407
-0.07377
-0.07348
-0.07318
-0.07289
-0.07259
 -0.0723
-0.07201
-0.07171
-0.07142
-0.07113
-0.07084
-0.07055
-0.07026
-0.06997
-0.06968
 -0.0694
-0.06911
-0.06882
-0.06854
-0.06825
-0.06797
-0.06768
 -0.0674
-0.06711
-0.06683
-0.06655
-0.06627
-0.06599
-0.06571
-0.06543
-0.06515
-0.06487
-0.06459
-0.06431
-0.06403
-0.06376
-0.06348
 -0.0632
-0.06293
-0.06266
-0.06238
-0.06211
-0.06184
-0.06156
-0.06129
-0.06102
-0.06075
-0.06048
-0.06021
-0.05994
-0.05967
-0.05941
-0.05914
-0.05887
-0.05861
-0.05834
-0.05808
-0.05781
-0.05755
-0.05729
-0.05702
-0.05676
 -0.0565
-0.05624
-0.05598
-0.05572
-0.05546
 -0.0552
-0.05494
-0.05469
-0.05443
-0.05417
-0.05392
-0.05366
-0.05341
-0.05315
 -0.0529
-0.05265
-0.05239
-0.05214
-0.05189
-0.05164
-0.05139
-0.05114
-0.05089
-0.05064
 -0.0504
-0.05015
 -0.0499
-0.04966
-0.04941
-0.04917
-0.04892
-0.04868
-0.04844
-0.04819
-0.04795
-0.04771
-0.04747
-0.04723
-0.04699
-0.04675
-0.04651
-0.04628
-0.04604
 -0.0458
-0.04557
-0.04533
-0.04509
-0.04486
-0.04463
-0.04439
-0.04416
-0.04393
 -0.0437
-0.04347
-0.04324
-0.04301
-0.04278
-0.04255
-0.04232
-0.04209
-0.04187
-0.04164
-0.04142
-0.04119
-0.04097
-0.04074
-0.04052
 -0.0403
-0.04008
-0.03985
-0.03963
-0.03941
-0.03919
-0.03897
-0.03876
-0.03854
-0.03832
 -0.0381
-0.03789
-0.03767
-0.03746
-0.03724
-0.03703
-0.03682
 -0.0366
-0.03639
-0.03618
-0.03597
-0.03576
-0.03555
-0.03534
-0.03513
-0.03493
-0.03472
-0.03451
-0.03431
 -0.0341
 -0.0339
-0.03369
-0.03349
-0.03328
-0.03308
-0.03288
-0.03268
-0.03248
-0.03228
-0.03208
-0.03188
-0.03168
-0.03148
-0.03129
-0.03109
 -0.0309
 -0.0307
-0.03051
-0.03031
-0.03012
-0.02993
-0.02973
-0.02954
-0.02935
-0.02916
-0.02897
-0.02878
-0.02859
 -0.0284
-0.02822
-0.02803
-0.02784
-0.02766
-0.02747
-0.02729
-0.02711
-0.02692
-0.02674
-0.02656
-0.02638
 -0.0262
-0.02602
-0.02584
-0.02566
-0.02548
 -0.0253
-0.02512
-0.02495
-0.02477
 -0.0246
-0.02442
-0.02425
-0.02407
 -0.0239
-0.02373
-0.02356
-0.02339
-0.02322
-0.02305
-0.02288
-0.02271
-0.02254
-0.02237
-0.02221
-0.02204
-0.02187
-0.02171
-0.02155
-0.02138
-0.02122
-0.02106
-0.02089
-0.02073
-0.02057
-0.02041
-0.02025
-0.02009
-0.01994
-0.01978
-0.01962
-0.01947
-0.01931
-0.01915
  -0.019
-0.01885
-0.01869
-0.01854
-0.01839
-0.01824
-0.01809
-0.01794
-0.01779
-0.01764
-0.01749
-0.01734
-0.01719
-0.01705
 -0.0169
-0.01676
-0.01661
-0.01647
-0.01632
-0.01618
-0.01604
 -0.0159
-0.01576
-0.01562
-0.01548
-0.01534
 -0.0152
-0.01506
-0.01492
-0.01479
-0.01465
-0.01452
-0.01438
-0.01425
-0.01411
-0.01398
-0.01385
-0.01372
-0.01359
-0.01346
-0.01333
 -0.0132
-0.01307
-0.01294
-0.01281
-0.01269
-0.01256
-0.01243
-0.01231
-0.01219
-0.01206
-0.01194
-0.01182
 -0.0117
-0.01157
-0.01145
-0.01133
-0.01121
 -0.0111
-0.01098
-0.01086
-0.01074
-0.01063
-0.01051
 -0.0104
-0.01028
-0.01017
-0.01006
-0.009945
-0.009833
-0.009722
-0.009612
-0.009502
-0.009392
-0.009284
-0.009176
-0.009069
-0.008962
-0.008856
-0.00875
-0.008646
-0.008541
-0.008438
-0.008335
-0.008233
-0.008131
-0.00803
-0.007929
-0.007829
-0.00773
-0.007632
-0.007534
-0.007437
-0.00734
-0.007244
-0.007148
-0.007054
-0.006959
-0.006866
-0.006773
-0.006681
-0.006589
-0.006498
-0.006408
-0.006318
-0.006229
-0.00614
-0.006052
-0.005965
-0.005879
-0.005793
-0.005707
-0.005623
-0.005538
-0.005455
-0.005372
-0.00529
-0.005208
-0.005127
-0.005047
-0.004968
-0.004888
-0.00481
-0.004732
-0.004655
-0.004579
-0.004503
-0.004427
-0.004353
-0.004279
-0.004205
-0.004133
-0.004061
-0.003989
-0.003918
-0.003848
-0.003779
-0.00371
-0.003641
-0.003574
-0.003507
-0.00344
-0.003374
-0.003309
-0.003245
-0.003181
-0.003118
-0.003055
-0.002993
-0.002932
-0.002871
-0.002811
-0.002752
-0.002693
-0.002635
-0.002577
-0.00252
-0.002464
-0.002408
-0.002353
-0.002299
-0.002245
-0.002192
-0.00214
-0.002088
-0.002037
-0.001986
-0.001936
-0.001887
-0.001838
-0.00179
-0.001743
-0.001696
-0.00165
-0.001604
-0.001559
-0.001515
-0.001472
-0.001429
-0.001386
-0.001345
-0.001304
-0.001263
-0.001224
-0.001184
-0.001146
-0.001108
-0.001071
-0.001034
-0.0009982
-0.0009629
-0.0009282
-0.0008942
-0.0008607
-0.000828
-0.0007958
-0.0007643
-0.0007334
-0.0007032
-0.0006736
-0.0006446
-0.0006163
-0.0005886
-0.0005616
-0.0005352
-0.0005094
-0.0004842
-0.0004597
-0.0004358
-0.0004126
-0.00039
-0.000368
-0.0003467
-0.000326
-0.000306
-0.0002865
-0.0002678
-0.0002496
-0.0002321
-0.0002152
-0.000199
-0.0001834
-0.0001684
-0.0001541
-0.0001404
-0.0001274
-0.0001149
-0.0001032
-9.202e-005
-8.151e-005
-7.164e-005
-6.241e-005
-5.381e-005
-4.585e-005
-3.853e-005
-3.184e-005
-2.579e-005
-2.038e-005
-1.56e-005
-1.146e-005
-7.96e-006
-5.095e-006
-2.866e-006
-1.274e-006
-3.184e-007
      -0
