[    0,     5,    11,    16,    22,    27,    33,    38,    44,    49,    55,    60,    66,    71,    76,    82,    87,    93,    98,   104,   109,
   115,   120,   126,   131,   137,   142,   148,   153,   158,   164,   169,   175,   180,   186,   191,   197,   202,   208,   213,   219,   224,
   229,   235,   240,   246,   251,   257,   262,   268,   273,   279,   284,   290,   295,   300,   306,   311,   317,   322,   328,   333,   339,
   344,   350,   355,   361,   366,   371,   377,   382,   388,   393,   399,   404,   410,   415,   421,   426,   432,   437,   443,   448,   453,
   459,   464,   470,   475,   481,   486,   492,   497,   503,   508,   514,   519,   524,   530,   535,   541,   546,   552,   557,   563,   568,
   574,   579,   585,   590,   595,   601,   606,   612,   617,   623,   628,   634,   639,   645,   650,   656,   661,   667,   672,   677,   683,
   688,   694,   699,   705,   710,   716,   721,   727,   732,   738,   743,   748,   754,   759,   765,   770,   776,   781,   787,   792,   798,
   803,   809,   814,   819,   825,   830,   836,   841,   847,   852,   858,   863,   869,   874,   880,   885,   890,   896,   901,   907,   912,
   918,   923,   929,   934,   940,   945,   951,   956,   962,   967,   972,   978,   983,   989,   994,  1000,  1005,  1011,  1016,  1022,  1027,
  1033,  1038,  1043,  1049,  1054,  1060,  1065,  1071,  1076,  1082,  1087,  1093,  1098,  1104,  1109,  1114,  1120,  1125,  1131,  1136,  1142,
  1147,  1153,  1158,  1164,  1169,  1175,  1180,  1186,  1191,  1196,  1202,  1207,  1213,  1218,  1224,  1229,  1235,  1240,  1246,  1251,  1257,
  1262,  1267,  1273,  1278,  1284,  1289,  1295,  1300,  1306,  1311,  1317,  1322,  1328,  1333,  1338,  1344,  1349,  1355,  1360,  1366,  1371,
  1377,  1382,  1388,  1393,  1399,  1404,  1409,  1415,  1420,  1426,  1431,  1437,  1442,  1448,  1453,  1459,  1464,  1470,  1475,  1481,  1486,
  1491,  1497,  1502,  1508,  1513,  1519,  1524,  1530,  1535,  1541,  1546,  1552,  1557,  1562,  1568,  1573,  1579,  1584,  1590,  1595,  1601,
  1606,  1612,  1617,  1623,  1628,  1633,  1639,  1644,  1650,  1655,  1661,  1666,  1672,  1677,  1683,  1688,  1694,  1699,  1705,  1710,  1715,
  1721,  1726,  1732,  1737,  1743,  1748,  1754,  1759,  1765,  1770,  1776,  1781,  1786,  1792,  1797,  1803,  1808,  1814,  1819,  1825,  1830,
  1836,  1841,  1847,  1852,  1857,  1863,  1868,  1874,  1879,  1885,  1890,  1896,  1901,  1907,  1912,  1918,  1923,  1928,  1934,  1939,  1945,
  1950,  1956,  1961,  1967,  1972,  1978,  1983,  1989,  1994,  2000,  2005,  2010,  2016,  2021,  2027,  2032,  2038,  2043,  2049,  2054,  2060,
  2065,  2071,  2076,  2081,  2087,  2092,  2098,  2103,  2109,  2114,  2120,  2125,  2131,  2136,  2142,  2147,  2152,  2158,  2163,  2169,  2174,
  2180,  2185,  2191,  2196,  2202,  2207,  2213,  2218,  2224,  2229,  2234,  2240,  2245,  2251,  2256,  2262,  2267,  2273,  2278,  2284,  2289,
  2295,  2300,  2305,  2311,  2316,  2322,  2327,  2333,  2338,  2344,  2349,  2355,  2360,  2366,  2371,  2376,  2382,  2387,  2393,  2398,  2404,
  2409,  2415,  2420,  2426,  2431,  2437,  2442,  2447,  2453,  2458,  2464,  2469,  2475,  2480,  2486,  2491,  2497,  2502,  2508,  2513,  2519,
  2524,  2529,  2535,  2540,  2546,  2551,  2557,  2562,  2568,  2573,  2579,  2584,  2590,  2595,  2600,  2606,  2611,  2617,  2622,  2628,  2633,
  2639,  2644,  2650,  2655,  2661,  2666,  2671,  2677,  2682,  2688,  2693,  2699,  2704,  2710,  2715,  2721,  2726,  2732,  2737,  2743,  2748,
  2753,  2759,  2764,  2770,  2775,  2781,  2786,  2792,  2797,  2803,  2808,  2814,  2819,  2824,  2830,  2835,  2841,  2846,  2852,  2857,  2863,
  2868,  2874,  2879,  2885,  2890,  2895,  2901,  2906,  2912,  2917,  2923,  2928,  2934,  2939,  2945,  2950,  2956,  2961,  2966,  2972,  2977,
  2983,  2988,  2994,  2999,  3005,  3010,  3016,  3021,  3027,  3032,  3038,  3043,  3048,  3054,  3059,  3065,  3070,  3076,  3081,  3087,  3092,
  3098,  3103,  3109,  3114,  3119,  3125,  3130,  3136,  3141,  3147,  3152,  3158,  3163,  3169,  3174,  3180,  3185,  3190,  3196,  3201,  3207,
  3212,  3218,  3223,  3229,  3234,  3240,  3245,  3251,  3256,  3262,  3267,  3272,  3278,  3283,  3289,  3294,  3300,  3305,  3311,  3316,  3322,
  3327,  3333,  3338,  3343,  3349,  3354,  3360,  3365,  3371,  3376,  3382,  3387,  3393,  3398,  3404,  3409,  3414,  3420,  3425,  3431,  3436,
  3442,  3447,  3453,  3458,  3464,  3469,  3475,  3480,  3485,  3491,  3496,  3502,  3507,  3513,  3518,  3524,  3529,  3535,  3540,  3546,  3551,
  3557,  3562,  3567,  3573,  3578,  3584,  3589,  3595,  3600,  3606,  3611,  3617,  3622,  3628,  3633,  3638,  3644,  3649,  3655,  3660,  3666,
  3671,  3677,  3682,  3688,  3693,  3699,  3704,  3709,  3715,  3720,  3726,  3731,  3737,  3742,  3748,  3753,  3759,  3764,  3770,  3775,  3781,
  3786,  3791,  3797,  3802,  3808,  3813,  3819,  3824,  3830,  3835,  3841,  3846,  3852,  3857,  3862,  3868,  3873,  3879,  3884,  3890,  3895,
  3901,  3906,  3912,  3917,  3923,  3928,  3933,  3939,  3944,  3950,  3955,  3961,  3966,  3972,  3977,  3983,  3988,  3994,  3999,  4004,  4010,
  4015,  4021,  4026,  4032,  4037,  4043,  4048,  4054,  4059,  4065,  4070,  4076,  4081,  4086,  4092,  4095,  4089,  4084,  4078,  4073,  4067,
  4062,  4056,  4051,  4045,  4040,  4035,  4029,  4024,  4018,  4013,  4007,  4002,  3996,  3991,  3985,  3980,  3974,  3969,  3964,  3958,  3953,
  3947,  3942,  3936,  3931,  3925,  3920,  3914,  3909,  3903,  3898,  3892,  3887,  3882,  3876,  3871,  3865,  3860,  3854,  3849,  3843,  3838,
  3832,  3827,  3821,  3816,  3811,  3805,  3800,  3794,  3789,  3783,  3778,  3772,  3767,  3761,  3756,  3750,  3745,  3740,  3734,  3729,  3723,
  3718,  3712,  3707,  3701,  3696,  3690,  3685,  3679,  3674,  3669,  3663,  3658,  3652,  3647,  3641,  3636,  3630,  3625,  3619,  3614,  3608,
  3603,  3597,  3592,  3587,  3581,  3576,  3570,  3565,  3559,  3554,  3548,  3543,  3537,  3532,  3526,  3521,  3516,  3510,  3505,  3499,  3494,
  3488,  3483,  3477,  3472,  3466,  3461,  3455,  3450,  3445,  3439,  3434,  3428,  3423,  3417,  3412,  3406,  3401,  3395,  3390,  3384,  3379,
  3373,  3368,  3363,  3357,  3352,  3346,  3341,  3335,  3330,  3324,  3319,  3313,  3308,  3302,  3297,  3292,  3286,  3281,  3275,  3270,  3264,
  3259,  3253,  3248,  3242,  3237,  3231,  3226,  3221,  3215,  3210,  3204,  3199,  3193,  3188,  3182,  3177,  3171,  3166,  3160,  3155,  3150,
  3144,  3139,  3133,  3128,  3122,  3117,  3111,  3106,  3100,  3095,  3089,  3084,  3078,  3073,  3068,  3062,  3057,  3051,  3046,  3040,  3035,
  3029,  3024,  3018,  3013,  3007,  3002,  2997,  2991,  2986,  2980,  2975,  2969,  2964,  2958,  2953,  2947,  2942,  2936,  2931,  2926,  2920,
  2915,  2909,  2904,  2898,  2893,  2887,  2882,  2876,  2871,  2865,  2860,  2854,  2849,  2844,  2838,  2833,  2827,  2822,  2816,  2811,  2805,
  2800,  2794,  2789,  2783,  2778,  2773,  2767,  2762,  2756,  2751,  2745,  2740,  2734,  2729,  2723,  2718,  2712,  2707,  2702,  2696,  2691,
  2685,  2680,  2674,  2669,  2663,  2658,  2652,  2647,  2641,  2636,  2631,  2625,  2620,  2614,  2609,  2603,  2598,  2592,  2587,  2581,  2576,
  2570,  2565,  2559,  2554,  2549,  2543,  2538,  2532,  2527,  2521,  2516,  2510,  2505,  2499,  2494,  2488,  2483,  2478,  2472,  2467,  2461,
  2456,  2450,  2445,  2439,  2434,  2428,  2423,  2417,  2412,  2407,  2401,  2396,  2390,  2385,  2379,  2374,  2368,  2363,  2357,  2352,  2346,
  2341,  2335,  2330,  2325,  2319,  2314,  2308,  2303,  2297,  2292,  2286,  2281,  2275,  2270,  2264,  2259,  2254,  2248,  2243,  2237,  2232,
  2226,  2221,  2215,  2210,  2204,  2199,  2193,  2188,  2183,  2177,  2172,  2166,  2161,  2155,  2150,  2144,  2139,  2133,  2128,  2122,  2117,
  2112,  2106,  2101,  2095,  2090,  2084,  2079,  2073,  2068,  2062,  2057,  2051,  2046,  2040,  2035,  2030,  2024,  2019,  2013,  2008,  2002,
  1997,  1991,  1986,  1980,  1975,  1969,  1964,  1959,  1953,  1948,  1942,  1937,  1931,  1926,  1920,  1915,  1909,  1904,  1898,  1893,  1888,
  1882,  1877,  1871,  1866,  1860,  1855,  1849,  1844,  1838,  1833,  1827,  1822,  1816,  1811,  1806,  1800,  1795,  1789,  1784,  1778,  1773,
  1767,  1762,  1756,  1751,  1745,  1740,  1735,  1729,  1724,  1718,  1713,  1707,  1702,  1696,  1691,  1685,  1680,  1674,  1669,  1664,  1658,
  1653,  1647,  1642,  1636,  1631,  1625,  1620,  1614,  1609,  1603,  1598,  1593,  1587,  1582,  1576,  1571,  1565,  1560,  1554,  1549,  1543,
  1538,  1532,  1527,  1521,  1516,  1511,  1505,  1500,  1494,  1489,  1483,  1478,  1472,  1467,  1461,  1456,  1450,  1445,  1440,  1434,  1429,
  1423,  1418,  1412,  1407,  1401,  1396,  1390,  1385,  1379,  1374,  1369,  1363,  1358,  1352,  1347,  1341,  1336,  1330,  1325,  1319,  1314,
  1308,  1303,  1297,  1292,  1287,  1281,  1276,  1270,  1265,  1259,  1254,  1248,  1243,  1237,  1232,  1226,  1221,  1216,  1210,  1205,  1199,
  1194,  1188,  1183,  1177,  1172,  1166,  1161,  1155,  1150,  1145,  1139,  1134,  1128,  1123,  1117,  1112,  1106,  1101,  1095,  1090,  1084,
  1079,  1074,  1068,  1063,  1057,  1052,  1046,  1041,  1035,  1030,  1024,  1019,  1013,  1008,  1002,   997,   992,   986,   981,   975,   970,
   964,   959,   953,   948,   942,   937,   931,   926,   921,   915,   910,   904,   899,   893,   888,   882,   877,   871,   866,   860,   855,
   850,   844,   839,   833,   828,   822,   817,   811,   806,   800,   795,   789,   784,   778,   773,   768,   762,   757,   751,   746,   740,
   735,   729,   724,   718,   713,   707,   702,   697,   691,   686,   680,   675,   669,   664,   658,   653,   647,   642,   636,   631,   626,
   620,   615,   609,   604,   598,   593,   587,   582,   576,   571,   565,   560,   555,   549,   544,   538,   533,   527,   522,   516,   511,
   505,   500,   494,   489,   483,   478,   473,   467,   462,   456,   451,   445,   440,   434,   429,   423,   418,   412,   407,   402,   396,
   391,   385,   380,   374,   369,   363,   358,   352,   347,   341,   336,   331,   325,   320,   314,   309,   303,   298,   292,   287,   281,
   276,   270,   265,   259,   254,   249,   243,   238,   232,   227,   221,   216,   210,   205,   199,   194,   188,   183,   178,   172,   167,
   161,   156,   150,   145,   139,   134,   128,   123,   117,   112,   107,   101,    96,    90,    85,    79,    74,    68,    63,    57,    52,
    46,    41,    36,    30,    25,    19,    14,     8,     3,    -3,    -8,   -14,   -19,   -25,   -30,   -36,   -41,   -46,   -52,   -57,   -63,
   -68,   -74,   -79,   -85,   -90,   -96,  -101,  -107,  -112,  -117,  -123,  -128,  -134,  -139,  -145,  -150,  -156,  -161,  -167,  -172,  -178,
  -183,  -188,  -194,  -199,  -205,  -210,  -216,  -221,  -227,  -232,  -238,  -243,  -249,  -254,  -259,  -265,  -270,  -276,  -281,  -287,  -292,
  -298,  -303,  -309,  -314,  -320,  -325,  -331,  -336,  -341,  -347,  -352,  -358,  -363,  -369,  -374,  -380,  -385,  -391,  -396,  -402,  -407,
  -412,  -418,  -423,  -429,  -434,  -440,  -445,  -451,  -456,  -462,  -467,  -473,  -478,  -483,  -489,  -494,  -500,  -505,  -511,  -516,  -522,
  -527,  -533,  -538,  -544,  -549,  -555,  -560,  -565,  -571,  -576,  -582,  -587,  -593,  -598,  -604,  -609,  -615,  -620,  -626,  -631,  -636,
  -642,  -647,  -653,  -658,  -664,  -669,  -675,  -680,  -686,  -691,  -697,  -702,  -707,  -713,  -718,  -724,  -729,  -735,  -740,  -746,  -751,
  -757,  -762,  -768,  -773,  -778,  -784,  -789,  -795,  -800,  -806,  -811,  -817,  -822,  -828,  -833,  -839,  -844,  -850,  -855,  -860,  -866,
  -871,  -877,  -882,  -888,  -893,  -899,  -904,  -910,  -915,  -921,  -926,  -931,  -937,  -942,  -948,  -953,  -959,  -964,  -970,  -975,  -981,
  -986,  -992,  -997, -1002, -1008, -1013, -1019, -1024, -1030, -1035, -1041, -1046, -1052, -1057, -1063, -1068, -1074, -1079, -1084, -1090, -1095,
 -1101, -1106, -1112, -1117, -1123, -1128, -1134, -1139, -1145, -1150, -1155, -1161, -1166, -1172, -1177, -1183, -1188, -1194, -1199, -1205, -1210,
 -1216, -1221, -1226, -1232, -1237, -1243, -1248, -1254, -1259, -1265, -1270, -1276, -1281, -1287, -1292, -1297, -1303, -1308, -1314, -1319, -1325,
 -1330, -1336, -1341, -1347, -1352, -1358, -1363, -1369, -1374, -1379, -1385, -1390, -1396, -1401, -1407, -1412, -1418, -1423, -1429, -1434, -1440,
 -1445, -1450, -1456, -1461, -1467, -1472, -1478, -1483, -1489, -1494, -1500, -1505, -1511, -1516, -1521, -1527, -1532, -1538, -1543, -1549, -1554,
 -1560, -1565, -1571, -1576, -1582, -1587, -1593, -1598, -1603, -1609, -1614, -1620, -1625, -1631, -1636, -1642, -1647, -1653, -1658, -1664, -1669,
 -1674, -1680, -1685, -1691, -1696, -1702, -1707, -1713, -1718, -1724, -1729, -1735, -1740, -1745, -1751, -1756, -1762, -1767, -1773, -1778, -1784,
 -1789, -1795, -1800, -1806, -1811, -1816, -1822, -1827, -1833, -1838, -1844, -1849, -1855, -1860, -1866, -1871, -1877, -1882, -1888, -1893, -1898,
 -1904, -1909, -1915, -1920, -1926, -1931, -1937, -1942, -1948, -1953, -1959, -1964, -1969, -1975, -1980, -1986, -1991, -1997, -2002, -2008, -2013,
 -2019, -2024, -2030, -2035, -2040, -2046, -2051, -2057, -2062, -2068, -2073, -2079, -2084, -2090, -2095, -2101, -2106, -2112, -2117, -2122, -2128,
 -2133, -2139, -2144, -2150, -2155, -2161, -2166, -2172, -2177, -2183, -2188, -2193, -2199, -2204, -2210, -2215, -2221, -2226, -2232, -2237, -2243,
 -2248, -2254, -2259, -2264, -2270, -2275, -2281, -2286, -2292, -2297, -2303, -2308, -2314, -2319, -2325, -2330, -2335, -2341, -2346, -2352, -2357,
 -2363, -2368, -2374, -2379, -2385, -2390, -2396, -2401, -2407, -2412, -2417, -2423, -2428, -2434, -2439, -2445, -2450, -2456, -2461, -2467, -2472,
 -2478, -2483, -2488, -2494, -2499, -2505, -2510, -2516, -2521, -2527, -2532, -2538, -2543, -2549, -2554, -2559, -2565, -2570, -2576, -2581, -2587,
 -2592, -2598, -2603, -2609, -2614, -2620, -2625, -2631, -2636, -2641, -2647, -2652, -2658, -2663, -2669, -2674, -2680, -2685, -2691, -2696, -2702,
 -2707, -2712, -2718, -2723, -2729, -2734, -2740, -2745, -2751, -2756, -2762, -2767, -2773, -2778, -2783, -2789, -2794, -2800, -2805, -2811, -2816,
 -2822, -2827, -2833, -2838, -2844, -2849, -2854, -2860, -2865, -2871, -2876, -2882, -2887, -2893, -2898, -2904, -2909, -2915, -2920, -2926, -2931,
 -2936, -2942, -2947, -2953, -2958, -2964, -2969, -2975, -2980, -2986, -2991, -2997, -3002, -3007, -3013, -3018, -3024, -3029, -3035, -3040, -3046,
 -3051, -3057, -3062, -3068, -3073, -3078, -3084, -3089, -3095, -3100, -3106, -3111, -3117, -3122, -3128, -3133, -3139, -3144, -3150, -3155, -3160,
 -3166, -3171, -3177, -3182, -3188, -3193, -3199, -3204, -3210, -3215, -3221, -3226, -3231, -3237, -3242, -3248, -3253, -3259, -3264, -3270, -3275,
 -3281, -3286, -3292, -3297, -3302, -3308, -3313, -3319, -3324, -3330, -3335, -3341, -3346, -3352, -3357, -3363, -3368, -3373, -3379, -3384, -3390,
 -3395, -3401, -3406, -3412, -3417, -3423, -3428, -3434, -3439, -3445, -3450, -3455, -3461, -3466, -3472, -3477, -3483, -3488, -3494, -3499, -3505,
 -3510, -3516, -3521, -3526, -3532, -3537, -3543, -3548, -3554, -3559, -3565, -3570, -3576, -3581, -3587, -3592, -3597, -3603, -3608, -3614, -3619,
 -3625, -3630, -3636, -3641, -3647, -3652, -3658, -3663, -3669, -3674, -3679, -3685, -3690, -3696, -3701, -3707, -3712, -3718, -3723, -3729, -3734,
 -3740, -3745, -3750, -3756, -3761, -3767, -3772, -3778, -3783, -3789, -3794, -3800, -3805, -3811, -3816, -3821, -3827, -3832, -3838, -3843, -3849,
 -3854, -3860, -3865, -3871, -3876, -3882, -3887, -3892, -3898, -3903, -3909, -3914, -3920, -3925, -3931, -3936, -3942, -3947, -3953, -3958, -3964,
 -3969, -3974, -3980, -3985, -3991, -3996, -4002, -4007, -4013, -4018, -4024, -4029, -4035, -4040, -4045, -4051, -4056, -4062, -4067, -4073, -4078,
 -4084, -4089, -4095, -4092, -4086, -4081, -4076, -4070, -4065, -4059, -4054, -4048, -4043, -4037, -4032, -4026, -4021, -4015, -4010, -4004, -3999,
 -3994, -3988, -3983, -3977, -3972, -3966, -3961, -3955, -3950, -3944, -3939, -3933, -3928, -3923, -3917, -3912, -3906, -3901, -3895, -3890, -3884,
 -3879, -3873, -3868, -3862, -3857, -3852, -3846, -3841, -3835, -3830, -3824, -3819, -3813, -3808, -3802, -3797, -3791, -3786, -3781, -3775, -3770,
 -3764, -3759, -3753, -3748, -3742, -3737, -3731, -3726, -3720, -3715, -3709, -3704, -3699, -3693, -3688, -3682, -3677, -3671, -3666, -3660, -3655,
 -3649, -3644, -3638, -3633, -3628, -3622, -3617, -3611, -3606, -3600, -3595, -3589, -3584, -3578, -3573, -3567, -3562, -3557, -3551, -3546, -3540,
 -3535, -3529, -3524, -3518, -3513, -3507, -3502, -3496, -3491, -3485, -3480, -3475, -3469, -3464, -3458, -3453, -3447, -3442, -3436, -3431, -3425,
 -3420, -3414, -3409, -3404, -3398, -3393, -3387, -3382, -3376, -3371, -3365, -3360, -3354, -3349, -3343, -3338, -3333, -3327, -3322, -3316, -3311,
 -3305, -3300, -3294, -3289, -3283, -3278, -3272, -3267, -3262, -3256, -3251, -3245, -3240, -3234, -3229, -3223, -3218, -3212, -3207, -3201, -3196,
 -3190, -3185, -3180, -3174, -3169, -3163, -3158, -3152, -3147, -3141, -3136, -3130, -3125, -3119, -3114, -3109, -3103, -3098, -3092, -3087, -3081,
 -3076, -3070, -3065, -3059, -3054, -3048, -3043, -3038, -3032, -3027, -3021, -3016, -3010, -3005, -2999, -2994, -2988, -2983, -2977, -2972, -2966,
 -2961, -2956, -2950, -2945, -2939, -2934, -2928, -2923, -2917, -2912, -2906, -2901, -2895, -2890, -2885, -2879, -2874, -2868, -2863, -2857, -2852,
 -2846, -2841, -2835, -2830, -2824, -2819, -2814, -2808, -2803, -2797, -2792, -2786, -2781, -2775, -2770, -2764, -2759, -2753, -2748, -2743, -2737,
 -2732, -2726, -2721, -2715, -2710, -2704, -2699, -2693, -2688, -2682, -2677, -2671, -2666, -2661, -2655, -2650, -2644, -2639, -2633, -2628, -2622,
 -2617, -2611, -2606, -2600, -2595, -2590, -2584, -2579, -2573, -2568, -2562, -2557, -2551, -2546, -2540, -2535, -2529, -2524, -2519, -2513, -2508,
 -2502, -2497, -2491, -2486, -2480, -2475, -2469, -2464, -2458, -2453, -2447, -2442, -2437, -2431, -2426, -2420, -2415, -2409, -2404, -2398, -2393,
 -2387, -2382, -2376, -2371, -2366, -2360, -2355, -2349, -2344, -2338, -2333, -2327, -2322, -2316, -2311, -2305, -2300, -2295, -2289, -2284, -2278,
 -2273, -2267, -2262, -2256, -2251, -2245, -2240, -2234, -2229, -2224, -2218, -2213, -2207, -2202, -2196, -2191, -2185, -2180, -2174, -2169, -2163,
 -2158, -2152, -2147, -2142, -2136, -2131, -2125, -2120, -2114, -2109, -2103, -2098, -2092, -2087, -2081, -2076, -2071, -2065, -2060, -2054, -2049,
 -2043, -2038, -2032, -2027, -2021, -2016, -2010, -2005, -2000, -1994, -1989, -1983, -1978, -1972, -1967, -1961, -1956, -1950, -1945, -1939, -1934,
 -1928, -1923, -1918, -1912, -1907, -1901, -1896, -1890, -1885, -1879, -1874, -1868, -1863, -1857, -1852, -1847, -1841, -1836, -1830, -1825, -1819,
 -1814, -1808, -1803, -1797, -1792, -1786, -1781, -1776, -1770, -1765, -1759, -1754, -1748, -1743, -1737, -1732, -1726, -1721, -1715, -1710, -1705,
 -1699, -1694, -1688, -1683, -1677, -1672, -1666, -1661, -1655, -1650, -1644, -1639, -1633, -1628, -1623, -1617, -1612, -1606, -1601, -1595, -1590,
 -1584, -1579, -1573, -1568, -1562, -1557, -1552, -1546, -1541, -1535, -1530, -1524, -1519, -1513, -1508, -1502, -1497, -1491, -1486, -1481, -1475,
 -1470, -1464, -1459, -1453, -1448, -1442, -1437, -1431, -1426, -1420, -1415, -1409, -1404, -1399, -1393, -1388, -1382, -1377, -1371, -1366, -1360,
 -1355, -1349, -1344, -1338, -1333, -1328, -1322, -1317, -1311, -1306, -1300, -1295, -1289, -1284, -1278, -1273, -1267, -1262, -1257, -1251, -1246,
 -1240, -1235, -1229, -1224, -1218, -1213, -1207, -1202, -1196, -1191, -1186, -1180, -1175, -1169, -1164, -1158, -1153, -1147, -1142, -1136, -1131,
 -1125, -1120, -1114, -1109, -1104, -1098, -1093, -1087, -1082, -1076, -1071, -1065, -1060, -1054, -1049, -1043, -1038, -1033, -1027, -1022, -1016,
 -1011, -1005, -1000,  -994,  -989,  -983,  -978,  -972,  -967,  -962,  -956,  -951,  -945,  -940,  -934,  -929,  -923,  -918,  -912,  -907,  -901,
  -896,  -890,  -885,  -880,  -874,  -869,  -863,  -858,  -852,  -847,  -841,  -836,  -830,  -825,  -819,  -814,  -809,  -803,  -798,  -792,  -787,
  -781,  -776,  -770,  -765,  -759,  -754,  -748,  -743,  -738,  -732,  -727,  -721,  -716,  -710,  -705,  -699,  -694,  -688,  -683,  -677,  -672,
  -667,  -661,  -656,  -650,  -645,  -639,  -634,  -628,  -623,  -617,  -612,  -606,  -601,  -595,  -590,  -585,  -579,  -574,  -568,  -563,  -557,
  -552,  -546,  -541,  -535,  -530,  -524,  -519,  -514,  -508,  -503,  -497,  -492,  -486,  -481,  -475,  -470,  -464,  -459,  -453,  -448,  -443,
  -437,  -432,  -426,  -421,  -415,  -410,  -404,  -399,  -393,  -388,  -382,  -377,  -371,  -366,  -361,  -355,  -350,  -344,  -339,  -333,  -328,
  -322,  -317,  -311,  -306,  -300,  -295,  -290,  -284,  -279,  -273,  -268,  -262,  -257,  -251,  -246,  -240,  -235,  -229,  -224,  -219,  -213,
  -208,  -202,  -197,  -191,  -186,  -180,  -175,  -169,  -164,  -158,  -153,  -148,  -142,  -137,  -131,  -126,  -120,  -115,  -109,  -104,   -98,
   -93,   -87,   -82,   -76,   -71,   -66,   -60,   -55,   -49,   -44,   -38,   -33,   -27,   -22,   -16,   -11,    -5,    -0]
