[    0.     2.     3.     5.     7.     8.    10.    11.    13.    15.    16.    18.    20.    21.    23.    25.    26.    28.    29.    31.    33.
    34.    36.    38.    39.    41.    43.    44.    46.    48.    49.    51.    52.    54.    56.    57.    59.    61.    62.    64.    66.    67.
    69.    70.    72.    74.    75.    77.    79.    80.    82.    84.    85.    87.    88.    90.    92.    93.    95.    97.    98.   100.   102.
   103.   105.   107.   108.   110.   111.   113.   115.   116.   118.   120.   121.   123.   125.   126.   128.   129.   131.   133.   134.   136.
   138.   139.   141.   143.   144.   146.   147.   149.   151.   152.   154.   156.   157.   159.   161.   162.   164.   165.   167.   169.   170.
   172.   174.   175.   177.   179.   180.   182.   184.   185.   187.   188.   190.   192.   193.   195.   197.   198.   200.   202.   203.   205.
   206.   208.   210.   211.   213.   215.   216.   218.   220.   221.   223.   224.   226.   228.   229.   231.   233.   234.   236.   238.   239.
   241.   243.   244.   246.   247.   249.   251.   252.   254.   256.   257.   259.   261.   262.   264.   265.   267.   269.   270.   272.   274.
   275.   277.   279.   280.   282.   283.   285.   287.   288.   290.   292.   293.   295.   297.   298.   300.   301.   303.   305.   306.   308.
   310.   311.   313.   315.   316.   318.   320.   321.   323.   324.   326.   328.   329.   331.   333.   334.   336.   338.   339.   341.   342.
   344.   346.   347.   349.   351.   352.   354.   356.   357.   359.   360.   362.   364.   365.   367.   369.   370.   372.   374.   375.   377.
   379.   380.   382.   383.   385.   387.   388.   390.   392.   393.   395.   397.   398.   400.   401.   403.   405.   406.   408.   410.   411.
   413.   415.   416.   418.   419.   421.   423.   424.   426.   428.   429.   431.   433.   434.   436.   437.   439.   441.   442.   444.   446.
   447.   449.   451.   452.   454.   456.   457.   459.   460.   462.   464.   465.   467.   469.   470.   472.   474.   475.   477.   478.   480.
   482.   483.   485.   487.   488.   490.   492.   493.   495.   496.   498.   500.   501.   503.   505.   506.   508.   510.   511.   513.   515.
   516.   518.   519.   521.   523.   524.   526.   528.   529.   531.   533.   534.   536.   537.   539.   541.   542.   544.   546.   547.   549.
   551.   552.   554.   555.   557.   559.   560.   562.   564.   565.   567.   569.   570.   572.   573.   575.   577.   578.   580.   582.   583.
   585.   587.   588.   590.   592.   593.   595.   596.   598.   600.   601.   603.   605.   606.   608.   610.   611.   613.   614.   616.   618.
   619.   621.   623.   624.   626.   628.   629.   631.   632.   634.   636.   637.   639.   641.   642.   644.   646.   647.   649.   651.   652.
   654.   655.   657.   659.   660.   662.   664.   665.   667.   669.   670.   672.   673.   675.   677.   678.   680.   682.   683.   685.   687.
   688.   690.   691.   693.   695.   696.   698.   700.   701.   703.   705.   706.   708.   709.   711.   713.   714.   716.   718.   719.   721.
   723.   724.   726.   728.   729.   731.   732.   734.   736.   737.   739.   741.   742.   744.   746.   747.   749.   750.   752.   754.   755.
   757.   759.   760.   762.   764.   765.   767.   768.   770.   772.   773.   775.   777.   778.   780.   782.   783.   785.   787.   788.   790.
   791.   793.   795.   796.   798.   800.   801.   803.   805.   806.   808.   809.   811.   813.   814.   816.   818.   819.   821.   823.   824.
   826.   827.   829.   831.   832.   834.   836.   837.   839.   841.   842.   844.   845.   847.   849.   850.   852.   854.   855.   857.   859.
   860.   862.   864.   865.   867.   868.   870.   872.   873.   875.   877.   878.   880.   882.   883.   885.   886.   888.   890.   891.   893.
   895.   896.   898.   900.   901.   903.   904.   906.   908.   909.   911.   913.   914.   916.   918.   919.   921.   923.   924.   926.   927.
   929.   931.   932.   934.   936.   937.   939.   941.   942.   944.   945.   947.   949.   950.   952.   954.   955.   957.   959.   960.   962.
   963.   965.   967.   968.   970.   972.   973.   975.   977.   978.   980.   981.   983.   985.   986.   988.   990.   991.   993.   995.   996.
   998.  1000.  1001.  1003.  1004.  1006.  1008.  1009.  1011.  1013.  1014.  1016.  1018.  1019.  1021.  1022.  1024.  1026.  1027.  1029.  1031.
  1032.  1034.  1036.  1037.  1039.  1040.  1042.  1044.  1045.  1047.  1049.  1050.  1052.  1054.  1055.  1057.  1059.  1060.  1062.  1063.  1065.
  1067.  1068.  1070.  1072.  1073.  1075.  1077.  1078.  1080.  1081.  1083.  1085.  1086.  1088.  1090.  1091.  1093.  1095.  1096.  1098.  1099.
  1101.  1103.  1104.  1106.  1108.  1109.  1111.  1113.  1114.  1116.  1118.  1119.  1121.  1122.  1124.  1126.  1127.  1129.  1131.  1132.  1134.
  1136.  1137.  1139.  1140.  1142.  1144.  1145.  1147.  1149.  1150.  1152.  1154.  1155.  1157.  1158.  1160.  1162.  1163.  1165.  1167.  1168.
  1170.  1172.  1173.  1175.  1176.  1178.  1180.  1181.  1183.  1185.  1186.  1188.  1190.  1191.  1193.  1195.  1196.  1198.  1199.  1201.  1203.
  1204.  1206.  1208.  1209.  1211.  1213.  1214.  1216.  1217.  1219.  1221.  1222.  1224.  1226.  1227.  1229.  1231.  1232.  1234.  1235.  1237.
  1239.  1240.  1242.  1244.  1245.  1247.  1249.  1250.  1252.  1254.  1255.  1257.  1258.  1260.  1262.  1263.  1265.  1267.  1268.  1270.  1272.
  1273.  1275.  1276.  1278.  1280.  1281.  1283.  1285.  1286.  1288.  1290.  1291.  1293.  1294.  1296.  1298.  1299.  1301.  1303.  1304.  1306.
  1308.  1309.  1311.  1312.  1314.  1316.  1317.  1319.  1321.  1322.  1324.  1326.  1327.  1329.  1331.  1332.  1334.  1335.  1337.  1339.  1340.
  1342.  1344.  1345.  1347.  1349.  1350.  1352.  1353.  1355.  1357.  1358.  1360.  1362.  1363.  1365.  1367.  1368.  1370.  1371.  1373.  1375.
  1376.  1378.  1380.  1381.  1383.  1385.  1386.  1388.  1390.  1391.  1393.  1394.  1396.  1398.  1399.  1401.  1403.  1404.  1406.  1408.  1409.
  1411.  1412.  1414.  1416.  1417.  1419.  1421.  1422.  1424.  1426.  1427.  1429.  1430.  1432.  1434.  1435.  1437.  1439.  1440.  1442.  1444.
  1445.  1447.  1448.  1450.  1452.  1453.  1455.  1457.  1458.  1460.  1462.  1463.  1465.  1467.  1468.  1470.  1471.  1473.  1475.  1476.  1478.
  1480.  1481.  1483.  1485.  1486.  1488.  1489.  1491.  1493.  1494.  1496.  1498.  1499.  1501.  1503.  1504.  1506.  1507.  1509.  1511.  1512.
  1514.  1516.  1517.  1519.  1521.  1522.  1524.  1526.  1527.  1529.  1530.  1532.  1534.  1535.  1537.  1539.  1540.  1542.  1544.  1545.  1547.
  1548.  1550.  1552.  1553.  1555.  1557.  1558.  1560.  1562.  1563.  1565.  1566.  1568.  1570.  1571.  1573.  1575.  1576.  1578.  1580.  1581.
  1583.  1584.  1586.  1588.  1589.  1591.  1593.  1594.  1596.  1598.  1599.  1601.  1603.  1604.  1606.  1607.  1609.  1611.  1612.  1614.  1616.
  1617.  1619.  1621.  1622.  1624.  1625.  1627.  1629.  1630.  1632.  1634.  1635.  1637.  1639.  1640.  1642.  1643.  1645.  1647.  1648.  1650.
  1652.  1653.  1655.  1657.  1658.  1660.  1662.  1663.  1665.  1666.  1668.  1670.  1671.  1673.  1675.  1676.  1678.  1680.  1681.  1683.  1684.
  1686.  1688.  1689.  1691.  1693.  1694.  1696.  1698.  1699.  1701.  1702.  1704.  1706.  1707.  1709.  1711.  1712.  1714.  1716.  1717.  1719.
  1720.  1722.  1724.  1725.  1727.  1729.  1730.  1732.  1734.  1735.  1737.  1739.  1740.  1742.  1743.  1745.  1747.  1748.  1750.  1752.  1753.
  1755.  1757.  1758.  1760.  1761.  1763.  1765.  1766.  1768.  1770.  1771.  1773.  1775.  1776.  1778.  1779.  1781.  1783.  1784.  1786.  1788.
  1789.  1791.  1793.  1794.  1796.  1798.  1799.  1801.  1802.  1804.  1806.  1807.  1809.  1811.  1812.  1814.  1816.  1817.  1819.  1820.  1822.
  1824.  1825.  1827.  1829.  1830.  1832.  1834.  1835.  1837.  1838.  1840.  1842.  1843.  1845.  1847.  1848.  1850.  1852.  1853.  1855.  1856.
  1858.  1860.  1861.  1863.  1865.  1866.  1868.  1870.  1871.  1873.  1875.  1876.  1878.  1879.  1881.  1883.  1884.  1886.  1888.  1889.  1891.
  1893.  1894.  1896.  1897.  1899.  1901.  1902.  1904.  1906.  1907.  1909.  1911.  1912.  1914.  1915.  1917.  1919.  1920.  1922.  1924.  1925.
  1927.  1929.  1930.  1932.  1934.  1935.  1937.  1938.  1940.  1942.  1943.  1945.  1947.  1948.  1950.  1952.  1953.  1955.  1956.  1958.  1960.
  1961.  1963.  1965.  1966.  1968.  1970.  1971.  1973.  1974.  1976.  1978.  1979.  1981.  1983.  1984.  1986.  1988.  1989.  1991.  1992.  1994.
  1996.  1997.  1999.  2001.  2002.  2004.  2006.  2007.  2009.  2011.  2012.  2014.  2015.  2017.  2019.  2020.  2022.  2024.  2025.  2027.  2029.
  2030.  2032.  2033.  2035.  2037.  2038.  2040.  2042.  2043.  2045.  2047.  2048.  2050.  2051.  2053.  2055.  2056.  2058.  2060.  2061.  2063.
  2065.  2066.  2068.  2070.  2071.  2073.  2074.  2076.  2078.  2079.  2081.  2083.  2084.  2086.  2088.  2089.  2091.  2092.  2094.  2096.  2097.
  2099.  2101.  2102.  2104.  2106.  2107.  2109.  2110.  2112.  2114.  2115.  2117.  2119.  2120.  2122.  2124.  2125.  2127.  2128.  2130.  2132.
  2133.  2135.  2137.  2138.  2140.  2142.  2143.  2145.  2147.  2148.  2150.  2151.  2153.  2155.  2156.  2158.  2160.  2161.  2163.  2165.  2166.
  2168.  2169.  2171.  2173.  2174.  2176.  2178.  2179.  2181.  2183.  2184.  2186.  2187.  2189.  2191.  2192.  2194.  2196.  2197.  2199.  2201.
  2202.  2204.  2206.  2207.  2209.  2210.  2212.  2214.  2215.  2217.  2219.  2220.  2222.  2224.  2225.  2227.  2228.  2230.  2232.  2233.  2235.
  2237.  2238.  2240.  2242.  2243.  2245.  2246.  2248.  2250.  2251.  2253.  2255.  2256.  2258.  2260.  2261.  2263.  2264.  2266.  2268.  2269.
  2271.  2273.  2274.  2276.  2278.  2279.  2281.  2283.  2284.  2286.  2287.  2289.  2291.  2292.  2294.  2296.  2297.  2299.  2301.  2302.  2304.
  2305.  2307.  2309.  2310.  2312.  2314.  2315.  2317.  2319.  2320.  2322.  2323.  2325.  2327.  2328.  2330.  2332.  2333.  2335.  2337.  2338.
  2340.  2342.  2343.  2345.  2346.  2348.  2350.  2351.  2353.  2355.  2356.  2358.  2360.  2361.  2363.  2364.  2366.  2368.  2369.  2371.  2373.
  2374.  2376.  2378.  2379.  2381.  2382.  2384.  2386.  2387.  2389.  2391.  2392.  2394.  2396.  2397.  2399.  2400.  2402.  2404.  2405.  2407.
  2409.  2410.  2412.  2414.  2415.  2417.  2419.  2420.  2422.  2423.  2425.  2427.  2428.  2430.  2432.  2433.  2435.  2437.  2438.  2440.  2441.
  2443.  2445.  2446.  2448.  2450.  2451.  2453.  2455.  2456.  2458.  2459.  2461.  2463.  2464.  2466.  2468.  2469.  2471.  2473.  2474.  2476.
  2478.  2479.  2481.  2482.  2484.  2486.  2487.  2489.  2491.  2492.  2494.  2496.  2497.  2499.  2500.  2502.  2504.  2505.  2507.  2509.  2510.
  2512.  2514.  2515.  2517.  2518.  2520.  2522.  2523.  2525.  2527.  2528.  2530.  2532.  2533.  2535.  2536.  2538.  2540.  2541.  2543.  2545.
  2546.  2548.  2550.  2551.  2553.  2555.  2556.  2558.  2559.  2561.  2563.  2564.  2566.  2568.  2569.  2571.  2573.  2574.  2576.  2577.  2579.
  2581.  2582.  2584.  2586.  2587.  2589.  2591.  2592.  2594.  2595.  2597.  2599.  2600.  2602.  2604.  2605.  2607.  2609.  2610.  2612.  2614.
  2615.  2617.  2618.  2620.  2622.  2623.  2625.  2627.  2628.  2630.  2632.  2633.  2635.  2636.  2638.  2640.  2641.  2643.  2645.  2646.  2648.
  2650.  2651.  2653.  2654.  2656.  2658.  2659.  2661.  2663.  2664.  2666.  2668.  2669.  2671.  2672.  2674.  2676.  2677.  2679.  2681.  2682.
  2684.  2686.  2687.  2689.  2691.  2692.  2694.  2695.  2697.  2699.  2700.  2702.  2704.  2705.  2707.  2709.  2710.  2712.  2713.  2715.  2717.
  2718.  2720.  2722.  2723.  2725.  2727.  2728.  2730.  2731.  2733.  2735.  2736.  2738.  2740.  2741.  2743.  2745.  2746.  2748.  2750.  2751.
  2753.  2754.  2756.  2758.  2759.  2761.  2763.  2764.  2766.  2768.  2769.  2771.  2772.  2774.  2776.  2777.  2779.  2781.  2782.  2784.  2786.
  2787.  2789.  2790.  2792.  2794.  2795.  2797.  2799.  2800.  2802.  2804.  2805.  2807.  2808.  2810.  2812.  2813.  2815.  2817.  2818.  2820.
  2822.  2823.  2825.  2827.  2828.  2830.  2831.  2833.  2835.  2836.  2838.  2840.  2841.  2843.  2845.  2846.  2848.  2849.  2851.  2853.  2854.
  2856.  2858.  2859.  2861.  2863.  2864.  2866.  2867.  2869.  2871.  2872.  2874.  2876.  2877.  2879.  2881.  2882.  2884.  2886.  2887.  2889.
  2890.  2892.  2894.  2895.  2897.  2899.  2900.  2902.  2904.  2905.  2907.  2908.  2910.  2912.  2913.  2915.  2917.  2918.  2920.  2922.  2923.
  2925.  2926.  2928.  2930.  2931.  2933.  2935.  2936.  2938.  2940.  2941.  2943.  2944.  2946.  2948.  2949.  2951.  2953.  2954.  2956.  2958.
  2959.  2961.  2963.  2964.  2966.  2967.  2969.  2971.  2972.  2974.  2976.  2977.  2979.  2981.  2982.  2984.  2985.  2987.  2989.  2990.  2992.
  2994.  2995.  2997.  2999.  3000.  3002.  3003.  3005.  3007.  3008.  3010.  3012.  3013.  3015.  3017.  3018.  3020.  3022.  3023.  3025.  3026.
  3028.  3030.  3031.  3033.  3035.  3036.  3038.  3040.  3041.  3043.  3044.  3046.  3048.  3049.  3051.  3053.  3054.  3056.  3058.  3059.  3061.
  3062.  3064.  3066.  3067.  3069.  3071.  3072.  3074.  3076.  3077.  3079.  3081.  3082.  3084.  3085.  3087.  3089.  3090.  3092.  3094.  3095.
  3097.  3099.  3100.  3102.  3103.  3105.  3107.  3108.  3110.  3112.  3113.  3115.  3117.  3118.  3120.  3121.  3123.  3125.  3126.  3128.  3130.
  3131.  3133.  3135.  3136.  3138.  3139.  3141.  3143.  3144.  3146.  3148.  3149.  3151.  3153.  3154.  3156.  3158.  3159.  3161.  3162.  3164.
  3166.  3167.  3169.  3171.  3172.  3174.  3176.  3177.  3179.  3180.  3182.  3184.  3185.  3187.  3189.  3190.  3192.  3194.  3195.  3197.  3198.
  3200.  3202.  3203.  3205.  3207.  3208.  3210.  3212.  3213.  3215.  3217.  3218.  3220.  3221.  3223.  3225.  3226.  3228.  3230.  3231.  3233.
  3235.  3236.  3238.  3239.  3241.  3243.  3244.  3246.  3248.  3249.  3251.  3253.  3254.  3256.  3257.  3259.  3261.  3262.  3264.  3266.  3267.
  3269.  3271.  3272.  3274.  3275.  3277.  3279.  3280.  3282.  3284.  3285.  3287.  3289.  3290.  3292.  3294.  3295.  3297.  3298.  3300.  3302.
  3303.  3305.  3307.  3308.  3310.  3312.  3313.  3315.  3316.  3318.  3320.  3321.  3323.  3325.  3326.  3328.  3330.  3331.  3333.  3334.  3336.
  3338.  3339.  3341.  3343.  3344.  3346.  3348.  3349.  3351.  3353.  3354.  3356.  3357.  3359.  3361.  3362.  3364.  3366.  3367.  3369.  3371.
  3372.  3374.  3375.  3377.  3379.  3380.  3382.  3384.  3385.  3387.  3389.  3390.  3392.  3393.  3395.  3397.  3398.  3400.  3402.  3403.  3405.
  3407.  3408.  3410.  3411.  3413.  3415.  3416.  3418.  3420.  3421.  3423.  3425.  3426.  3428.  3430.  3431.  3433.  3434.  3436.  3438.  3439.
  3441.  3443.  3444.  3446.  3448.  3449.  3451.  3452.  3454.  3456.  3457.  3459.  3461.  3462.  3464.  3466.  3467.  3469.  3470.  3472.  3474.
  3475.  3477.  3479.  3480.  3482.  3484.  3485.  3487.  3489.  3490.  3492.  3493.  3495.  3497.  3498.  3500.  3502.  3503.  3505.  3507.  3508.
  3510.  3511.  3513.  3515.  3516.  3518.  3520.  3521.  3523.  3525.  3526.  3528.  3529.  3531.  3533.  3534.  3536.  3538.  3539.  3541.  3543.
  3544.  3546.  3547.  3549.  3551.  3552.  3554.  3556.  3557.  3559.  3561.  3562.  3564.  3566.  3567.  3569.  3570.  3572.  3574.  3575.  3577.
  3579.  3580.  3582.  3584.  3585.  3587.  3588.  3590.  3592.  3593.  3595.  3597.  3598.  3600.  3602.  3603.  3605.  3606.  3608.  3610.  3611.
  3613.  3615.  3616.  3618.  3620.  3621.  3623.  3625.  3626.  3628.  3629.  3631.  3633.  3634.  3636.  3638.  3639.  3641.  3643.  3644.  3646.
  3647.  3649.  3651.  3652.  3654.  3656.  3657.  3659.  3661.  3662.  3664.  3665.  3667.  3669.  3670.  3672.  3674.  3675.  3677.  3679.  3680.
  3682.  3683.  3685.  3687.  3688.  3690.  3692.  3693.  3695.  3697.  3698.  3700.  3702.  3703.  3705.  3706.  3708.  3710.  3711.  3713.  3715.
  3716.  3718.  3720.  3721.  3723.  3724.  3726.  3728.  3729.  3731.  3733.  3734.  3736.  3738.  3739.  3741.  3742.  3744.  3746.  3747.  3749.
  3751.  3752.  3754.  3756.  3757.  3759.  3761.  3762.  3764.  3765.  3767.  3769.  3770.  3772.  3774.  3775.  3777.  3779.  3780.  3782.  3783.
  3785.  3787.  3788.  3790.  3792.  3793.  3795.  3797.  3798.  3800.  3801.  3803.  3805.  3806.  3808.  3810.  3811.  3813.  3815.  3816.  3818.
  3819.  3821.  3823.  3824.  3826.  3828.  3829.  3831.  3833.  3834.  3836.  3838.  3839.  3841.  3842.  3844.  3846.  3847.  3849.  3851.  3852.
  3854.  3856.  3857.  3859.  3860.  3862.  3864.  3865.  3867.  3869.  3870.  3872.  3874.  3875.  3877.  3878.  3880.  3882.  3883.  3885.  3887.
  3888.  3890.  3892.  3893.  3895.  3897.  3898.  3900.  3901.  3903.  3905.  3906.  3908.  3910.  3911.  3913.  3915.  3916.  3918.  3919.  3921.
  3923.  3924.  3926.  3928.  3929.  3931.  3933.  3934.  3936.  3937.  3939.  3941.  3942.  3944.  3946.  3947.  3949.  3951.  3952.  3954.  3955.
  3957.  3959.  3960.  3962.  3964.  3965.  3967.  3969.  3970.  3972.  3974.  3975.  3977.  3978.  3980.  3982.  3983.  3985.  3987.  3988.  3990.
  3992.  3993.  3995.  3996.  3998.  4000.  4001.  4003.  4005.  4006.  4008.  4010.  4011.  4013.  4014.  4016.  4018.  4019.  4021.  4023.  4024.
  4026.  4028.  4029.  4031.  4033.  4034.  4036.  4037.  4039.  4041.  4042.  4044.  4046.  4047.  4049.  4051.  4052.  4054.  4055.  4057.  4059.
  4060.  4062.  4064.  4065.  4067.  4069.  4070.  4072.  4073.  4075.  4077.  4078.  4080.  4082.  4083.  4085.  4087.  4088.  4090.  4091.  4093.
  4095.  4096.  4094.  4092.  4091.  4089.  4087.  4086.  4084.  4082.  4081.  4079.  4078.  4076.  4074.  4073.  4071.  4069.  4068.  4066.  4064.
  4063.  4061.  4060.  4058.  4056.  4055.  4053.  4051.  4050.  4048.  4046.  4045.  4043.  4042.  4040.  4038.  4037.  4035.  4033.  4032.  4030.
  4028.  4027.  4025.  4023.  4022.  4020.  4019.  4017.  4015.  4014.  4012.  4010.  4009.  4007.  4005.  4004.  4002.  4001.  3999.  3997.  3996.
  3994.  3992.  3991.  3989.  3987.  3986.  3984.  3983.  3981.  3979.  3978.  3976.  3974.  3973.  3971.  3969.  3968.  3966.  3965.  3963.  3961.
  3960.  3958.  3956.  3955.  3953.  3951.  3950.  3948.  3946.  3945.  3943.  3942.  3940.  3938.  3937.  3935.  3933.  3932.  3930.  3928.  3927.
  3925.  3924.  3922.  3920.  3919.  3917.  3915.  3914.  3912.  3910.  3909.  3907.  3906.  3904.  3902.  3901.  3899.  3897.  3896.  3894.  3892.
  3891.  3889.  3887.  3886.  3884.  3883.  3881.  3879.  3878.  3876.  3874.  3873.  3871.  3869.  3868.  3866.  3865.  3863.  3861.  3860.  3858.
  3856.  3855.  3853.  3851.  3850.  3848.  3847.  3845.  3843.  3842.  3840.  3838.  3837.  3835.  3833.  3832.  3830.  3829.  3827.  3825.  3824.
  3822.  3820.  3819.  3817.  3815.  3814.  3812.  3810.  3809.  3807.  3806.  3804.  3802.  3801.  3799.  3797.  3796.  3794.  3792.  3791.  3789.
  3788.  3786.  3784.  3783.  3781.  3779.  3778.  3776.  3774.  3773.  3771.  3770.  3768.  3766.  3765.  3763.  3761.  3760.  3758.  3756.  3755.
  3753.  3751.  3750.  3748.  3747.  3745.  3743.  3742.  3740.  3738.  3737.  3735.  3733.  3732.  3730.  3729.  3727.  3725.  3724.  3722.  3720.
  3719.  3717.  3715.  3714.  3712.  3711.  3709.  3707.  3706.  3704.  3702.  3701.  3699.  3697.  3696.  3694.  3693.  3691.  3689.  3688.  3686.
  3684.  3683.  3681.  3679.  3678.  3676.  3674.  3673.  3671.  3670.  3668.  3666.  3665.  3663.  3661.  3660.  3658.  3656.  3655.  3653.  3652.
  3650.  3648.  3647.  3645.  3643.  3642.  3640.  3638.  3637.  3635.  3634.  3632.  3630.  3629.  3627.  3625.  3624.  3622.  3620.  3619.  3617.
  3615.  3614.  3612.  3611.  3609.  3607.  3606.  3604.  3602.  3601.  3599.  3597.  3596.  3594.  3593.  3591.  3589.  3588.  3586.  3584.  3583.
  3581.  3579.  3578.  3576.  3575.  3573.  3571.  3570.  3568.  3566.  3565.  3563.  3561.  3560.  3558.  3557.  3555.  3553.  3552.  3550.  3548.
  3547.  3545.  3543.  3542.  3540.  3538.  3537.  3535.  3534.  3532.  3530.  3529.  3527.  3525.  3524.  3522.  3520.  3519.  3517.  3516.  3514.
  3512.  3511.  3509.  3507.  3506.  3504.  3502.  3501.  3499.  3498.  3496.  3494.  3493.  3491.  3489.  3488.  3486.  3484.  3483.  3481.  3479.
  3478.  3476.  3475.  3473.  3471.  3470.  3468.  3466.  3465.  3463.  3461.  3460.  3458.  3457.  3455.  3453.  3452.  3450.  3448.  3447.  3445.
  3443.  3442.  3440.  3439.  3437.  3435.  3434.  3432.  3430.  3429.  3427.  3425.  3424.  3422.  3421.  3419.  3417.  3416.  3414.  3412.  3411.
  3409.  3407.  3406.  3404.  3402.  3401.  3399.  3398.  3396.  3394.  3393.  3391.  3389.  3388.  3386.  3384.  3383.  3381.  3380.  3378.  3376.
  3375.  3373.  3371.  3370.  3368.  3366.  3365.  3363.  3362.  3360.  3358.  3357.  3355.  3353.  3352.  3350.  3348.  3347.  3345.  3343.  3342.
  3340.  3339.  3337.  3335.  3334.  3332.  3330.  3329.  3327.  3325.  3324.  3322.  3321.  3319.  3317.  3316.  3314.  3312.  3311.  3309.  3307.
  3306.  3304.  3303.  3301.  3299.  3298.  3296.  3294.  3293.  3291.  3289.  3288.  3286.  3285.  3283.  3281.  3280.  3278.  3276.  3275.  3273.
  3271.  3270.  3268.  3266.  3265.  3263.  3262.  3260.  3258.  3257.  3255.  3253.  3252.  3250.  3248.  3247.  3245.  3244.  3242.  3240.  3239.
  3237.  3235.  3234.  3232.  3230.  3229.  3227.  3226.  3224.  3222.  3221.  3219.  3217.  3216.  3214.  3212.  3211.  3209.  3207.  3206.  3204.
  3203.  3201.  3199.  3198.  3196.  3194.  3193.  3191.  3189.  3188.  3186.  3185.  3183.  3181.  3180.  3178.  3176.  3175.  3173.  3171.  3170.
  3168.  3167.  3165.  3163.  3162.  3160.  3158.  3157.  3155.  3153.  3152.  3150.  3149.  3147.  3145.  3144.  3142.  3140.  3139.  3137.  3135.
  3134.  3132.  3130.  3129.  3127.  3126.  3124.  3122.  3121.  3119.  3117.  3116.  3114.  3112.  3111.  3109.  3108.  3106.  3104.  3103.  3101.
  3099.  3098.  3096.  3094.  3093.  3091.  3090.  3088.  3086.  3085.  3083.  3081.  3080.  3078.  3076.  3075.  3073.  3071.  3070.  3068.  3067.
  3065.  3063.  3062.  3060.  3058.  3057.  3055.  3053.  3052.  3050.  3049.  3047.  3045.  3044.  3042.  3040.  3039.  3037.  3035.  3034.  3032.
  3031.  3029.  3027.  3026.  3024.  3022.  3021.  3019.  3017.  3016.  3014.  3012.  3011.  3009.  3008.  3006.  3004.  3003.  3001.  2999.  2998.
  2996.  2994.  2993.  2991.  2990.  2988.  2986.  2985.  2983.  2981.  2980.  2978.  2976.  2975.  2973.  2972.  2970.  2968.  2967.  2965.  2963.
  2962.  2960.  2958.  2957.  2955.  2954.  2952.  2950.  2949.  2947.  2945.  2944.  2942.  2940.  2939.  2937.  2935.  2934.  2932.  2931.  2929.
  2927.  2926.  2924.  2922.  2921.  2919.  2917.  2916.  2914.  2913.  2911.  2909.  2908.  2906.  2904.  2903.  2901.  2899.  2898.  2896.  2895.
  2893.  2891.  2890.  2888.  2886.  2885.  2883.  2881.  2880.  2878.  2876.  2875.  2873.  2872.  2870.  2868.  2867.  2865.  2863.  2862.  2860.
  2858.  2857.  2855.  2854.  2852.  2850.  2849.  2847.  2845.  2844.  2842.  2840.  2839.  2837.  2836.  2834.  2832.  2831.  2829.  2827.  2826.
  2824.  2822.  2821.  2819.  2818.  2816.  2814.  2813.  2811.  2809.  2808.  2806.  2804.  2803.  2801.  2799.  2798.  2796.  2795.  2793.  2791.
  2790.  2788.  2786.  2785.  2783.  2781.  2780.  2778.  2777.  2775.  2773.  2772.  2770.  2768.  2767.  2765.  2763.  2762.  2760.  2759.  2757.
  2755.  2754.  2752.  2750.  2749.  2747.  2745.  2744.  2742.  2740.  2739.  2737.  2736.  2734.  2732.  2731.  2729.  2727.  2726.  2724.  2722.
  2721.  2719.  2718.  2716.  2714.  2713.  2711.  2709.  2708.  2706.  2704.  2703.  2701.  2700.  2698.  2696.  2695.  2693.  2691.  2690.  2688.
  2686.  2685.  2683.  2682.  2680.  2678.  2677.  2675.  2673.  2672.  2670.  2668.  2667.  2665.  2663.  2662.  2660.  2659.  2657.  2655.  2654.
  2652.  2650.  2649.  2647.  2645.  2644.  2642.  2641.  2639.  2637.  2636.  2634.  2632.  2631.  2629.  2627.  2626.  2624.  2623.  2621.  2619.
  2618.  2616.  2614.  2613.  2611.  2609.  2608.  2606.  2604.  2603.  2601.  2600.  2598.  2596.  2595.  2593.  2591.  2590.  2588.  2586.  2585.
  2583.  2582.  2580.  2578.  2577.  2575.  2573.  2572.  2570.  2568.  2567.  2565.  2564.  2562.  2560.  2559.  2557.  2555.  2554.  2552.  2550.
  2549.  2547.  2546.  2544.  2542.  2541.  2539.  2537.  2536.  2534.  2532.  2531.  2529.  2527.  2526.  2524.  2523.  2521.  2519.  2518.  2516.
  2514.  2513.  2511.  2509.  2508.  2506.  2505.  2503.  2501.  2500.  2498.  2496.  2495.  2493.  2491.  2490.  2488.  2487.  2485.  2483.  2482.
  2480.  2478.  2477.  2475.  2473.  2472.  2470.  2468.  2467.  2465.  2464.  2462.  2460.  2459.  2457.  2455.  2454.  2452.  2450.  2449.  2447.
  2446.  2444.  2442.  2441.  2439.  2437.  2436.  2434.  2432.  2431.  2429.  2428.  2426.  2424.  2423.  2421.  2419.  2418.  2416.  2414.  2413.
  2411.  2410.  2408.  2406.  2405.  2403.  2401.  2400.  2398.  2396.  2395.  2393.  2391.  2390.  2388.  2387.  2385.  2383.  2382.  2380.  2378.
  2377.  2375.  2373.  2372.  2370.  2369.  2367.  2365.  2364.  2362.  2360.  2359.  2357.  2355.  2354.  2352.  2351.  2349.  2347.  2346.  2344.
  2342.  2341.  2339.  2337.  2336.  2334.  2332.  2331.  2329.  2328.  2326.  2324.  2323.  2321.  2319.  2318.  2316.  2314.  2313.  2311.  2310.
  2308.  2306.  2305.  2303.  2301.  2300.  2298.  2296.  2295.  2293.  2292.  2290.  2288.  2287.  2285.  2283.  2282.  2280.  2278.  2277.  2275.
  2274.  2272.  2270.  2269.  2267.  2265.  2264.  2262.  2260.  2259.  2257.  2255.  2254.  2252.  2251.  2249.  2247.  2246.  2244.  2242.  2241.
  2239.  2237.  2236.  2234.  2233.  2231.  2229.  2228.  2226.  2224.  2223.  2221.  2219.  2218.  2216.  2215.  2213.  2211.  2210.  2208.  2206.
  2205.  2203.  2201.  2200.  2198.  2196.  2195.  2193.  2192.  2190.  2188.  2187.  2185.  2183.  2182.  2180.  2178.  2177.  2175.  2174.  2172.
  2170.  2169.  2167.  2165.  2164.  2162.  2160.  2159.  2157.  2156.  2154.  2152.  2151.  2149.  2147.  2146.  2144.  2142.  2141.  2139.  2138.
  2136.  2134.  2133.  2131.  2129.  2128.  2126.  2124.  2123.  2121.  2119.  2118.  2116.  2115.  2113.  2111.  2110.  2108.  2106.  2105.  2103.
  2101.  2100.  2098.  2097.  2095.  2093.  2092.  2090.  2088.  2087.  2085.  2083.  2082.  2080.  2079.  2077.  2075.  2074.  2072.  2070.  2069.
  2067.  2065.  2064.  2062.  2060.  2059.  2057.  2056.  2054.  2052.  2051.  2049.  2047.  2046.  2044.  2042.  2041.  2039.  2038.  2036.  2034.
  2033.  2031.  2029.  2028.  2026.  2024.  2023.  2021.  2020.  2018.  2016.  2015.  2013.  2011.  2010.  2008.  2006.  2005.  2003.  2002.  2000.
  1998.  1997.  1995.  1993.  1992.  1990.  1988.  1987.  1985.  1983.  1982.  1980.  1979.  1977.  1975.  1974.  1972.  1970.  1969.  1967.  1965.
  1964.  1962.  1961.  1959.  1957.  1956.  1954.  1952.  1951.  1949.  1947.  1946.  1944.  1943.  1941.  1939.  1938.  1936.  1934.  1933.  1931.
  1929.  1928.  1926.  1924.  1923.  1921.  1920.  1918.  1916.  1915.  1913.  1911.  1910.  1908.  1906.  1905.  1903.  1902.  1900.  1898.  1897.
  1895.  1893.  1892.  1890.  1888.  1887.  1885.  1884.  1882.  1880.  1879.  1877.  1875.  1874.  1872.  1870.  1869.  1867.  1866.  1864.  1862.
  1861.  1859.  1857.  1856.  1854.  1852.  1851.  1849.  1847.  1846.  1844.  1843.  1841.  1839.  1838.  1836.  1834.  1833.  1831.  1829.  1828.
  1826.  1825.  1823.  1821.  1820.  1818.  1816.  1815.  1813.  1811.  1810.  1808.  1807.  1805.  1803.  1802.  1800.  1798.  1797.  1795.  1793.
  1792.  1790.  1788.  1787.  1785.  1784.  1782.  1780.  1779.  1777.  1775.  1774.  1772.  1770.  1769.  1767.  1766.  1764.  1762.  1761.  1759.
  1757.  1756.  1754.  1752.  1751.  1749.  1748.  1746.  1744.  1743.  1741.  1739.  1738.  1736.  1734.  1733.  1731.  1730.  1728.  1726.  1725.
  1723.  1721.  1720.  1718.  1716.  1715.  1713.  1711.  1710.  1708.  1707.  1705.  1703.  1702.  1700.  1698.  1697.  1695.  1693.  1692.  1690.
  1689.  1687.  1685.  1684.  1682.  1680.  1679.  1677.  1675.  1674.  1672.  1671.  1669.  1667.  1666.  1664.  1662.  1661.  1659.  1657.  1656.
  1654.  1652.  1651.  1649.  1648.  1646.  1644.  1643.  1641.  1639.  1638.  1636.  1634.  1633.  1631.  1630.  1628.  1626.  1625.  1623.  1621.
  1620.  1618.  1616.  1615.  1613.  1612.  1610.  1608.  1607.  1605.  1603.  1602.  1600.  1598.  1597.  1595.  1594.  1592.  1590.  1589.  1587.
  1585.  1584.  1582.  1580.  1579.  1577.  1575.  1574.  1572.  1571.  1569.  1567.  1566.  1564.  1562.  1561.  1559.  1557.  1556.  1554.  1553.
  1551.  1549.  1548.  1546.  1544.  1543.  1541.  1539.  1538.  1536.  1535.  1533.  1531.  1530.  1528.  1526.  1525.  1523.  1521.  1520.  1518.
  1516.  1515.  1513.  1512.  1510.  1508.  1507.  1505.  1503.  1502.  1500.  1498.  1497.  1495.  1494.  1492.  1490.  1489.  1487.  1485.  1484.
  1482.  1480.  1479.  1477.  1476.  1474.  1472.  1471.  1469.  1467.  1466.  1464.  1462.  1461.  1459.  1458.  1456.  1454.  1453.  1451.  1449.
  1448.  1446.  1444.  1443.  1441.  1439.  1438.  1436.  1435.  1433.  1431.  1430.  1428.  1426.  1425.  1423.  1421.  1420.  1418.  1417.  1415.
  1413.  1412.  1410.  1408.  1407.  1405.  1403.  1402.  1400.  1399.  1397.  1395.  1394.  1392.  1390.  1389.  1387.  1385.  1384.  1382.  1380.
  1379.  1377.  1376.  1374.  1372.  1371.  1369.  1367.  1366.  1364.  1362.  1361.  1359.  1358.  1356.  1354.  1353.  1351.  1349.  1348.  1346.
  1344.  1343.  1341.  1340.  1338.  1336.  1335.  1333.  1331.  1330.  1328.  1326.  1325.  1323.  1322.  1320.  1318.  1317.  1315.  1313.  1312.
  1310.  1308.  1307.  1305.  1303.  1302.  1300.  1299.  1297.  1295.  1294.  1292.  1290.  1289.  1287.  1285.  1284.  1282.  1281.  1279.  1277.
  1276.  1274.  1272.  1271.  1269.  1267.  1266.  1264.  1263.  1261.  1259.  1258.  1256.  1254.  1253.  1251.  1249.  1248.  1246.  1244.  1243.
  1241.  1240.  1238.  1236.  1235.  1233.  1231.  1230.  1228.  1226.  1225.  1223.  1222.  1220.  1218.  1217.  1215.  1213.  1212.  1210.  1208.
  1207.  1205.  1204.  1202.  1200.  1199.  1197.  1195.  1194.  1192.  1190.  1189.  1187.  1186.  1184.  1182.  1181.  1179.  1177.  1176.  1174.
  1172.  1171.  1169.  1167.  1166.  1164.  1163.  1161.  1159.  1158.  1156.  1154.  1153.  1151.  1149.  1148.  1146.  1145.  1143.  1141.  1140.
  1138.  1136.  1135.  1133.  1131.  1130.  1128.  1127.  1125.  1123.  1122.  1120.  1118.  1117.  1115.  1113.  1112.  1110.  1108.  1107.  1105.
  1104.  1102.  1100.  1099.  1097.  1095.  1094.  1092.  1090.  1089.  1087.  1086.  1084.  1082.  1081.  1079.  1077.  1076.  1074.  1072.  1071.
  1069.  1068.  1066.  1064.  1063.  1061.  1059.  1058.  1056.  1054.  1053.  1051.  1050.  1048.  1046.  1045.  1043.  1041.  1040.  1038.  1036.
  1035.  1033.  1031.  1030.  1028.  1027.  1025.  1023.  1022.  1020.  1018.  1017.  1015.  1013.  1012.  1010.  1009.  1007.  1005.  1004.  1002.
  1000.   999.   997.   995.   994.   992.   991.   989.   987.   986.   984.   982.   981.   979.   977.   976.   974.   972.   971.   969.   968.
   966.   964.   963.   961.   959.   958.   956.   954.   953.   951.   950.   948.   946.   945.   943.   941.   940.   938.   936.   935.   933.
   932.   930.   928.   927.   925.   923.   922.   920.   918.   917.   915.   913.   912.   910.   909.   907.   905.   904.   902.   900.   899.
   897.   895.   894.   892.   891.   889.   887.   886.   884.   882.   881.   879.   877.   876.   874.   873.   871.   869.   868.   866.   864.
   863.   861.   859.   858.   856.   855.   853.   851.   850.   848.   846.   845.   843.   841.   840.   838.   836.   835.   833.   832.   830.
   828.   827.   825.   823.   822.   820.   818.   817.   815.   814.   812.   810.   809.   807.   805.   804.   802.   800.   799.   797.   796.
   794.   792.   791.   789.   787.   786.   784.   782.   781.   779.   777.   776.   774.   773.   771.   769.   768.   766.   764.   763.   761.
   759.   758.   756.   755.   753.   751.   750.   748.   746.   745.   743.   741.   740.   738.   737.   735.   733.   732.   730.   728.   727.
   725.   723.   722.   720.   719.   717.   715.   714.   712.   710.   709.   707.   705.   704.   702.   700.   699.   697.   696.   694.   692.
   691.   689.   687.   686.   684.   682.   681.   679.   678.   676.   674.   673.   671.   669.   668.   666.   664.   663.   661.   660.   658.
   656.   655.   653.   651.   650.   648.   646.   645.   643.   641.   640.   638.   637.   635.   633.   632.   630.   628.   627.   625.   623.
   622.   620.   619.   617.   615.   614.   612.   610.   609.   607.   605.   604.   602.   601.   599.   597.   596.   594.   592.   591.   589.
   587.   586.   584.   583.   581.   579.   578.   576.   574.   573.   571.   569.   568.   566.   564.   563.   561.   560.   558.   556.   555.
   553.   551.   550.   548.   546.   545.   543.   542.   540.   538.   537.   535.   533.   532.   530.   528.   527.   525.   524.   522.   520.
   519.   517.   515.   514.   512.   510.   509.   507.   505.   504.   502.   501.   499.   497.   496.   494.   492.   491.   489.   487.   486.
   484.   483.   481.   479.   478.   476.   474.   473.   471.   469.   468.   466.   465.   463.   461.   460.   458.   456.   455.   453.   451.
   450.   448.   447.   445.   443.   442.   440.   438.   437.   435.   433.   432.   430.   428.   427.   425.   424.   422.   420.   419.   417.
   415.   414.   412.   410.   409.   407.   406.   404.   402.   401.   399.   397.   396.   394.   392.   391.   389.   388.   386.   384.   383.
   381.   379.   378.   376.   374.   373.   371.   369.   368.   366.   365.   363.   361.   360.   358.   356.   355.   353.   351.   350.   348.
   347.   345.   343.   342.   340.   338.   337.   335.   333.   332.   330.   329.   327.   325.   324.   322.   320.   319.   317.   315.   314.
   312.   311.   309.   307.   306.   304.   302.   301.   299.   297.   296.   294.   292.   291.   289.   288.   286.   284.   283.   281.   279.
   278.   276.   274.   273.   271.   270.   268.   266.   265.   263.   261.   260.   258.   256.   255.   253.   252.   250.   248.   247.   245.
   243.   242.   240.   238.   237.   235.   233.   232.   230.   229.   227.   225.   224.   222.   220.   219.   217.   215.   214.   212.   211.
   209.   207.   206.   204.   202.   201.   199.   197.   196.   194.   193.   191.   189.   188.   186.   184.   183.   181.   179.   178.   176.
   175.   173.   171.   170.   168.   166.   165.   163.   161.   160.   158.   156.   155.   153.   152.   150.   148.   147.   145.   143.   142.
   140.   138.   137.   135.   134.   132.   130.   129.   127.   125.   124.   122.   120.   119.   117.   116.   114.   112.   111.   109.   107.
   106.   104.   102.   101.    99.    97.    96.    94.    93.    91.    89.    88.    86.    84.    83.    81.    79.    78.    76.    75.    73.
    71.    70.    68.    66.    65.    63.    61.    60.    58.    57.    55.    53.    52.    50.    48.    47.    45.    43.    42.    40.    39.
    37.    35.    34.    32.    30.    29.    27.    25.    24.    22.    20.    19.    17.    16.    14.    12.    11.     9.     7.     6.     4.
     2.     1.    -1.    -2.    -4.    -6.    -7.    -9.   -11.   -12.   -14.   -16.   -17.   -19.   -20.   -22.   -24.   -25.   -27.   -29.   -30.
   -32.   -34.   -35.   -37.   -39.   -40.   -42.   -43.   -45.   -47.   -48.   -50.   -52.   -53.   -55.   -57.   -58.   -60.   -61.   -63.   -65.
   -66.   -68.   -70.   -71.   -73.   -75.   -76.   -78.   -79.   -81.   -83.   -84.   -86.   -88.   -89.   -91.   -93.   -94.   -96.   -97.   -99.
  -101.  -102.  -104.  -106.  -107.  -109.  -111.  -112.  -114.  -116.  -117.  -119.  -120.  -122.  -124.  -125.  -127.  -129.  -130.  -132.  -134.
  -135.  -137.  -138.  -140.  -142.  -143.  -145.  -147.  -148.  -150.  -152.  -153.  -155.  -156.  -158.  -160.  -161.  -163.  -165.  -166.  -168.
  -170.  -171.  -173.  -175.  -176.  -178.  -179.  -181.  -183.  -184.  -186.  -188.  -189.  -191.  -193.  -194.  -196.  -197.  -199.  -201.  -202.
  -204.  -206.  -207.  -209.  -211.  -212.  -214.  -215.  -217.  -219.  -220.  -222.  -224.  -225.  -227.  -229.  -230.  -232.  -233.  -235.  -237.
  -238.  -240.  -242.  -243.  -245.  -247.  -248.  -250.  -252.  -253.  -255.  -256.  -258.  -260.  -261.  -263.  -265.  -266.  -268.  -270.  -271.
  -273.  -274.  -276.  -278.  -279.  -281.  -283.  -284.  -286.  -288.  -289.  -291.  -292.  -294.  -296.  -297.  -299.  -301.  -302.  -304.  -306.
  -307.  -309.  -311.  -312.  -314.  -315.  -317.  -319.  -320.  -322.  -324.  -325.  -327.  -329.  -330.  -332.  -333.  -335.  -337.  -338.  -340.
  -342.  -343.  -345.  -347.  -348.  -350.  -351.  -353.  -355.  -356.  -358.  -360.  -361.  -363.  -365.  -366.  -368.  -369.  -371.  -373.  -374.
  -376.  -378.  -379.  -381.  -383.  -384.  -386.  -388.  -389.  -391.  -392.  -394.  -396.  -397.  -399.  -401.  -402.  -404.  -406.  -407.  -409.
  -410.  -412.  -414.  -415.  -417.  -419.  -420.  -422.  -424.  -425.  -427.  -428.  -430.  -432.  -433.  -435.  -437.  -438.  -440.  -442.  -443.
  -445.  -447.  -448.  -450.  -451.  -453.  -455.  -456.  -458.  -460.  -461.  -463.  -465.  -466.  -468.  -469.  -471.  -473.  -474.  -476.  -478.
  -479.  -481.  -483.  -484.  -486.  -487.  -489.  -491.  -492.  -494.  -496.  -497.  -499.  -501.  -502.  -504.  -505.  -507.  -509.  -510.  -512.
  -514.  -515.  -517.  -519.  -520.  -522.  -524.  -525.  -527.  -528.  -530.  -532.  -533.  -535.  -537.  -538.  -540.  -542.  -543.  -545.  -546.
  -548.  -550.  -551.  -553.  -555.  -556.  -558.  -560.  -561.  -563.  -564.  -566.  -568.  -569.  -571.  -573.  -574.  -576.  -578.  -579.  -581.
  -583.  -584.  -586.  -587.  -589.  -591.  -592.  -594.  -596.  -597.  -599.  -601.  -602.  -604.  -605.  -607.  -609.  -610.  -612.  -614.  -615.
  -617.  -619.  -620.  -622.  -623.  -625.  -627.  -628.  -630.  -632.  -633.  -635.  -637.  -638.  -640.  -641.  -643.  -645.  -646.  -648.  -650.
  -651.  -653.  -655.  -656.  -658.  -660.  -661.  -663.  -664.  -666.  -668.  -669.  -671.  -673.  -674.  -676.  -678.  -679.  -681.  -682.  -684.
  -686.  -687.  -689.  -691.  -692.  -694.  -696.  -697.  -699.  -700.  -702.  -704.  -705.  -707.  -709.  -710.  -712.  -714.  -715.  -717.  -719.
  -720.  -722.  -723.  -725.  -727.  -728.  -730.  -732.  -733.  -735.  -737.  -738.  -740.  -741.  -743.  -745.  -746.  -748.  -750.  -751.  -753.
  -755.  -756.  -758.  -759.  -761.  -763.  -764.  -766.  -768.  -769.  -771.  -773.  -774.  -776.  -777.  -779.  -781.  -782.  -784.  -786.  -787.
  -789.  -791.  -792.  -794.  -796.  -797.  -799.  -800.  -802.  -804.  -805.  -807.  -809.  -810.  -812.  -814.  -815.  -817.  -818.  -820.  -822.
  -823.  -825.  -827.  -828.  -830.  -832.  -833.  -835.  -836.  -838.  -840.  -841.  -843.  -845.  -846.  -848.  -850.  -851.  -853.  -855.  -856.
  -858.  -859.  -861.  -863.  -864.  -866.  -868.  -869.  -871.  -873.  -874.  -876.  -877.  -879.  -881.  -882.  -884.  -886.  -887.  -889.  -891.
  -892.  -894.  -895.  -897.  -899.  -900.  -902.  -904.  -905.  -907.  -909.  -910.  -912.  -913.  -915.  -917.  -918.  -920.  -922.  -923.  -925.
  -927.  -928.  -930.  -932.  -933.  -935.  -936.  -938.  -940.  -941.  -943.  -945.  -946.  -948.  -950.  -951.  -953.  -954.  -956.  -958.  -959.
  -961.  -963.  -964.  -966.  -968.  -969.  -971.  -972.  -974.  -976.  -977.  -979.  -981.  -982.  -984.  -986.  -987.  -989.  -991.  -992.  -994.
  -995.  -997.  -999. -1000. -1002. -1004. -1005. -1007. -1009. -1010. -1012. -1013. -1015. -1017. -1018. -1020. -1022. -1023. -1025. -1027. -1028.
 -1030. -1031. -1033. -1035. -1036. -1038. -1040. -1041. -1043. -1045. -1046. -1048. -1050. -1051. -1053. -1054. -1056. -1058. -1059. -1061. -1063.
 -1064. -1066. -1068. -1069. -1071. -1072. -1074. -1076. -1077. -1079. -1081. -1082. -1084. -1086. -1087. -1089. -1090. -1092. -1094. -1095. -1097.
 -1099. -1100. -1102. -1104. -1105. -1107. -1108. -1110. -1112. -1113. -1115. -1117. -1118. -1120. -1122. -1123. -1125. -1127. -1128. -1130. -1131.
 -1133. -1135. -1136. -1138. -1140. -1141. -1143. -1145. -1146. -1148. -1149. -1151. -1153. -1154. -1156. -1158. -1159. -1161. -1163. -1164. -1166.
 -1167. -1169. -1171. -1172. -1174. -1176. -1177. -1179. -1181. -1182. -1184. -1186. -1187. -1189. -1190. -1192. -1194. -1195. -1197. -1199. -1200.
 -1202. -1204. -1205. -1207. -1208. -1210. -1212. -1213. -1215. -1217. -1218. -1220. -1222. -1223. -1225. -1226. -1228. -1230. -1231. -1233. -1235.
 -1236. -1238. -1240. -1241. -1243. -1244. -1246. -1248. -1249. -1251. -1253. -1254. -1256. -1258. -1259. -1261. -1263. -1264. -1266. -1267. -1269.
 -1271. -1272. -1274. -1276. -1277. -1279. -1281. -1282. -1284. -1285. -1287. -1289. -1290. -1292. -1294. -1295. -1297. -1299. -1300. -1302. -1303.
 -1305. -1307. -1308. -1310. -1312. -1313. -1315. -1317. -1318. -1320. -1322. -1323. -1325. -1326. -1328. -1330. -1331. -1333. -1335. -1336. -1338.
 -1340. -1341. -1343. -1344. -1346. -1348. -1349. -1351. -1353. -1354. -1356. -1358. -1359. -1361. -1362. -1364. -1366. -1367. -1369. -1371. -1372.
 -1374. -1376. -1377. -1379. -1380. -1382. -1384. -1385. -1387. -1389. -1390. -1392. -1394. -1395. -1397. -1399. -1400. -1402. -1403. -1405. -1407.
 -1408. -1410. -1412. -1413. -1415. -1417. -1418. -1420. -1421. -1423. -1425. -1426. -1428. -1430. -1431. -1433. -1435. -1436. -1438. -1439. -1441.
 -1443. -1444. -1446. -1448. -1449. -1451. -1453. -1454. -1456. -1458. -1459. -1461. -1462. -1464. -1466. -1467. -1469. -1471. -1472. -1474. -1476.
 -1477. -1479. -1480. -1482. -1484. -1485. -1487. -1489. -1490. -1492. -1494. -1495. -1497. -1498. -1500. -1502. -1503. -1505. -1507. -1508. -1510.
 -1512. -1513. -1515. -1516. -1518. -1520. -1521. -1523. -1525. -1526. -1528. -1530. -1531. -1533. -1535. -1536. -1538. -1539. -1541. -1543. -1544.
 -1546. -1548. -1549. -1551. -1553. -1554. -1556. -1557. -1559. -1561. -1562. -1564. -1566. -1567. -1569. -1571. -1572. -1574. -1575. -1577. -1579.
 -1580. -1582. -1584. -1585. -1587. -1589. -1590. -1592. -1594. -1595. -1597. -1598. -1600. -1602. -1603. -1605. -1607. -1608. -1610. -1612. -1613.
 -1615. -1616. -1618. -1620. -1621. -1623. -1625. -1626. -1628. -1630. -1631. -1633. -1634. -1636. -1638. -1639. -1641. -1643. -1644. -1646. -1648.
 -1649. -1651. -1652. -1654. -1656. -1657. -1659. -1661. -1662. -1664. -1666. -1667. -1669. -1671. -1672. -1674. -1675. -1677. -1679. -1680. -1682.
 -1684. -1685. -1687. -1689. -1690. -1692. -1693. -1695. -1697. -1698. -1700. -1702. -1703. -1705. -1707. -1708. -1710. -1711. -1713. -1715. -1716.
 -1718. -1720. -1721. -1723. -1725. -1726. -1728. -1730. -1731. -1733. -1734. -1736. -1738. -1739. -1741. -1743. -1744. -1746. -1748. -1749. -1751.
 -1752. -1754. -1756. -1757. -1759. -1761. -1762. -1764. -1766. -1767. -1769. -1770. -1772. -1774. -1775. -1777. -1779. -1780. -1782. -1784. -1785.
 -1787. -1788. -1790. -1792. -1793. -1795. -1797. -1798. -1800. -1802. -1803. -1805. -1807. -1808. -1810. -1811. -1813. -1815. -1816. -1818. -1820.
 -1821. -1823. -1825. -1826. -1828. -1829. -1831. -1833. -1834. -1836. -1838. -1839. -1841. -1843. -1844. -1846. -1847. -1849. -1851. -1852. -1854.
 -1856. -1857. -1859. -1861. -1862. -1864. -1866. -1867. -1869. -1870. -1872. -1874. -1875. -1877. -1879. -1880. -1882. -1884. -1885. -1887. -1888.
 -1890. -1892. -1893. -1895. -1897. -1898. -1900. -1902. -1903. -1905. -1906. -1908. -1910. -1911. -1913. -1915. -1916. -1918. -1920. -1921. -1923.
 -1924. -1926. -1928. -1929. -1931. -1933. -1934. -1936. -1938. -1939. -1941. -1943. -1944. -1946. -1947. -1949. -1951. -1952. -1954. -1956. -1957.
 -1959. -1961. -1962. -1964. -1965. -1967. -1969. -1970. -1972. -1974. -1975. -1977. -1979. -1980. -1982. -1983. -1985. -1987. -1988. -1990. -1992.
 -1993. -1995. -1997. -1998. -2000. -2002. -2003. -2005. -2006. -2008. -2010. -2011. -2013. -2015. -2016. -2018. -2020. -2021. -2023. -2024. -2026.
 -2028. -2029. -2031. -2033. -2034. -2036. -2038. -2039. -2041. -2042. -2044. -2046. -2047. -2049. -2051. -2052. -2054. -2056. -2057. -2059. -2060.
 -2062. -2064. -2065. -2067. -2069. -2070. -2072. -2074. -2075. -2077. -2079. -2080. -2082. -2083. -2085. -2087. -2088. -2090. -2092. -2093. -2095.
 -2097. -2098. -2100. -2101. -2103. -2105. -2106. -2108. -2110. -2111. -2113. -2115. -2116. -2118. -2119. -2121. -2123. -2124. -2126. -2128. -2129.
 -2131. -2133. -2134. -2136. -2138. -2139. -2141. -2142. -2144. -2146. -2147. -2149. -2151. -2152. -2154. -2156. -2157. -2159. -2160. -2162. -2164.
 -2165. -2167. -2169. -2170. -2172. -2174. -2175. -2177. -2178. -2180. -2182. -2183. -2185. -2187. -2188. -2190. -2192. -2193. -2195. -2196. -2198.
 -2200. -2201. -2203. -2205. -2206. -2208. -2210. -2211. -2213. -2215. -2216. -2218. -2219. -2221. -2223. -2224. -2226. -2228. -2229. -2231. -2233.
 -2234. -2236. -2237. -2239. -2241. -2242. -2244. -2246. -2247. -2249. -2251. -2252. -2254. -2255. -2257. -2259. -2260. -2262. -2264. -2265. -2267.
 -2269. -2270. -2272. -2274. -2275. -2277. -2278. -2280. -2282. -2283. -2285. -2287. -2288. -2290. -2292. -2293. -2295. -2296. -2298. -2300. -2301.
 -2303. -2305. -2306. -2308. -2310. -2311. -2313. -2314. -2316. -2318. -2319. -2321. -2323. -2324. -2326. -2328. -2329. -2331. -2332. -2334. -2336.
 -2337. -2339. -2341. -2342. -2344. -2346. -2347. -2349. -2351. -2352. -2354. -2355. -2357. -2359. -2360. -2362. -2364. -2365. -2367. -2369. -2370.
 -2372. -2373. -2375. -2377. -2378. -2380. -2382. -2383. -2385. -2387. -2388. -2390. -2391. -2393. -2395. -2396. -2398. -2400. -2401. -2403. -2405.
 -2406. -2408. -2410. -2411. -2413. -2414. -2416. -2418. -2419. -2421. -2423. -2424. -2426. -2428. -2429. -2431. -2432. -2434. -2436. -2437. -2439.
 -2441. -2442. -2444. -2446. -2447. -2449. -2450. -2452. -2454. -2455. -2457. -2459. -2460. -2462. -2464. -2465. -2467. -2468. -2470. -2472. -2473.
 -2475. -2477. -2478. -2480. -2482. -2483. -2485. -2487. -2488. -2490. -2491. -2493. -2495. -2496. -2498. -2500. -2501. -2503. -2505. -2506. -2508.
 -2509. -2511. -2513. -2514. -2516. -2518. -2519. -2521. -2523. -2524. -2526. -2527. -2529. -2531. -2532. -2534. -2536. -2537. -2539. -2541. -2542.
 -2544. -2546. -2547. -2549. -2550. -2552. -2554. -2555. -2557. -2559. -2560. -2562. -2564. -2565. -2567. -2568. -2570. -2572. -2573. -2575. -2577.
 -2578. -2580. -2582. -2583. -2585. -2586. -2588. -2590. -2591. -2593. -2595. -2596. -2598. -2600. -2601. -2603. -2604. -2606. -2608. -2609. -2611.
 -2613. -2614. -2616. -2618. -2619. -2621. -2623. -2624. -2626. -2627. -2629. -2631. -2632. -2634. -2636. -2637. -2639. -2641. -2642. -2644. -2645.
 -2647. -2649. -2650. -2652. -2654. -2655. -2657. -2659. -2660. -2662. -2663. -2665. -2667. -2668. -2670. -2672. -2673. -2675. -2677. -2678. -2680.
 -2682. -2683. -2685. -2686. -2688. -2690. -2691. -2693. -2695. -2696. -2698. -2700. -2701. -2703. -2704. -2706. -2708. -2709. -2711. -2713. -2714.
 -2716. -2718. -2719. -2721. -2722. -2724. -2726. -2727. -2729. -2731. -2732. -2734. -2736. -2737. -2739. -2740. -2742. -2744. -2745. -2747. -2749.
 -2750. -2752. -2754. -2755. -2757. -2759. -2760. -2762. -2763. -2765. -2767. -2768. -2770. -2772. -2773. -2775. -2777. -2778. -2780. -2781. -2783.
 -2785. -2786. -2788. -2790. -2791. -2793. -2795. -2796. -2798. -2799. -2801. -2803. -2804. -2806. -2808. -2809. -2811. -2813. -2814. -2816. -2818.
 -2819. -2821. -2822. -2824. -2826. -2827. -2829. -2831. -2832. -2834. -2836. -2837. -2839. -2840. -2842. -2844. -2845. -2847. -2849. -2850. -2852.
 -2854. -2855. -2857. -2858. -2860. -2862. -2863. -2865. -2867. -2868. -2870. -2872. -2873. -2875. -2876. -2878. -2880. -2881. -2883. -2885. -2886.
 -2888. -2890. -2891. -2893. -2895. -2896. -2898. -2899. -2901. -2903. -2904. -2906. -2908. -2909. -2911. -2913. -2914. -2916. -2917. -2919. -2921.
 -2922. -2924. -2926. -2927. -2929. -2931. -2932. -2934. -2935. -2937. -2939. -2940. -2942. -2944. -2945. -2947. -2949. -2950. -2952. -2954. -2955.
 -2957. -2958. -2960. -2962. -2963. -2965. -2967. -2968. -2970. -2972. -2973. -2975. -2976. -2978. -2980. -2981. -2983. -2985. -2986. -2988. -2990.
 -2991. -2993. -2994. -2996. -2998. -2999. -3001. -3003. -3004. -3006. -3008. -3009. -3011. -3012. -3014. -3016. -3017. -3019. -3021. -3022. -3024.
 -3026. -3027. -3029. -3031. -3032. -3034. -3035. -3037. -3039. -3040. -3042. -3044. -3045. -3047. -3049. -3050. -3052. -3053. -3055. -3057. -3058.
 -3060. -3062. -3063. -3065. -3067. -3068. -3070. -3071. -3073. -3075. -3076. -3078. -3080. -3081. -3083. -3085. -3086. -3088. -3090. -3091. -3093.
 -3094. -3096. -3098. -3099. -3101. -3103. -3104. -3106. -3108. -3109. -3111. -3112. -3114. -3116. -3117. -3119. -3121. -3122. -3124. -3126. -3127.
 -3129. -3130. -3132. -3134. -3135. -3137. -3139. -3140. -3142. -3144. -3145. -3147. -3149. -3150. -3152. -3153. -3155. -3157. -3158. -3160. -3162.
 -3163. -3165. -3167. -3168. -3170. -3171. -3173. -3175. -3176. -3178. -3180. -3181. -3183. -3185. -3186. -3188. -3189. -3191. -3193. -3194. -3196.
 -3198. -3199. -3201. -3203. -3204. -3206. -3207. -3209. -3211. -3212. -3214. -3216. -3217. -3219. -3221. -3222. -3224. -3226. -3227. -3229. -3230.
 -3232. -3234. -3235. -3237. -3239. -3240. -3242. -3244. -3245. -3247. -3248. -3250. -3252. -3253. -3255. -3257. -3258. -3260. -3262. -3263. -3265.
 -3266. -3268. -3270. -3271. -3273. -3275. -3276. -3278. -3280. -3281. -3283. -3285. -3286. -3288. -3289. -3291. -3293. -3294. -3296. -3298. -3299.
 -3301. -3303. -3304. -3306. -3307. -3309. -3311. -3312. -3314. -3316. -3317. -3319. -3321. -3322. -3324. -3325. -3327. -3329. -3330. -3332. -3334.
 -3335. -3337. -3339. -3340. -3342. -3343. -3345. -3347. -3348. -3350. -3352. -3353. -3355. -3357. -3358. -3360. -3362. -3363. -3365. -3366. -3368.
 -3370. -3371. -3373. -3375. -3376. -3378. -3380. -3381. -3383. -3384. -3386. -3388. -3389. -3391. -3393. -3394. -3396. -3398. -3399. -3401. -3402.
 -3404. -3406. -3407. -3409. -3411. -3412. -3414. -3416. -3417. -3419. -3421. -3422. -3424. -3425. -3427. -3429. -3430. -3432. -3434. -3435. -3437.
 -3439. -3440. -3442. -3443. -3445. -3447. -3448. -3450. -3452. -3453. -3455. -3457. -3458. -3460. -3461. -3463. -3465. -3466. -3468. -3470. -3471.
 -3473. -3475. -3476. -3478. -3479. -3481. -3483. -3484. -3486. -3488. -3489. -3491. -3493. -3494. -3496. -3498. -3499. -3501. -3502. -3504. -3506.
 -3507. -3509. -3511. -3512. -3514. -3516. -3517. -3519. -3520. -3522. -3524. -3525. -3527. -3529. -3530. -3532. -3534. -3535. -3537. -3538. -3540.
 -3542. -3543. -3545. -3547. -3548. -3550. -3552. -3553. -3555. -3557. -3558. -3560. -3561. -3563. -3565. -3566. -3568. -3570. -3571. -3573. -3575.
 -3576. -3578. -3579. -3581. -3583. -3584. -3586. -3588. -3589. -3591. -3593. -3594. -3596. -3597. -3599. -3601. -3602. -3604. -3606. -3607. -3609.
 -3611. -3612. -3614. -3615. -3617. -3619. -3620. -3622. -3624. -3625. -3627. -3629. -3630. -3632. -3634. -3635. -3637. -3638. -3640. -3642. -3643.
 -3645. -3647. -3648. -3650. -3652. -3653. -3655. -3656. -3658. -3660. -3661. -3663. -3665. -3666. -3668. -3670. -3671. -3673. -3674. -3676. -3678.
 -3679. -3681. -3683. -3684. -3686. -3688. -3689. -3691. -3693. -3694. -3696. -3697. -3699. -3701. -3702. -3704. -3706. -3707. -3709. -3711. -3712.
 -3714. -3715. -3717. -3719. -3720. -3722. -3724. -3725. -3727. -3729. -3730. -3732. -3733. -3735. -3737. -3738. -3740. -3742. -3743. -3745. -3747.
 -3748. -3750. -3751. -3753. -3755. -3756. -3758. -3760. -3761. -3763. -3765. -3766. -3768. -3770. -3771. -3773. -3774. -3776. -3778. -3779. -3781.
 -3783. -3784. -3786. -3788. -3789. -3791. -3792. -3794. -3796. -3797. -3799. -3801. -3802. -3804. -3806. -3807. -3809. -3810. -3812. -3814. -3815.
 -3817. -3819. -3820. -3822. -3824. -3825. -3827. -3829. -3830. -3832. -3833. -3835. -3837. -3838. -3840. -3842. -3843. -3845. -3847. -3848. -3850.
 -3851. -3853. -3855. -3856. -3858. -3860. -3861. -3863. -3865. -3866. -3868. -3869. -3871. -3873. -3874. -3876. -3878. -3879. -3881. -3883. -3884.
 -3886. -3887. -3889. -3891. -3892. -3894. -3896. -3897. -3899. -3901. -3902. -3904. -3906. -3907. -3909. -3910. -3912. -3914. -3915. -3917. -3919.
 -3920. -3922. -3924. -3925. -3927. -3928. -3930. -3932. -3933. -3935. -3937. -3938. -3940. -3942. -3943. -3945. -3946. -3948. -3950. -3951. -3953.
 -3955. -3956. -3958. -3960. -3961. -3963. -3965. -3966. -3968. -3969. -3971. -3973. -3974. -3976. -3978. -3979. -3981. -3983. -3984. -3986. -3987.
 -3989. -3991. -3992. -3994. -3996. -3997. -3999. -4001. -4002. -4004. -4005. -4007. -4009. -4010. -4012. -4014. -4015. -4017. -4019. -4020. -4022.
 -4023. -4025. -4027. -4028. -4030. -4032. -4033. -4035. -4037. -4038. -4040. -4042. -4043. -4045. -4046. -4048. -4050. -4051. -4053. -4055. -4056.
 -4058. -4060. -4061. -4063. -4064. -4066. -4068. -4069. -4071. -4073. -4074. -4076. -4078. -4079. -4081. -4082. -4084. -4086. -4087. -4089. -4091.
 -4092. -4094. -4096. -4095. -4093. -4091. -4090. -4088. -4087. -4085. -4083. -4082. -4080. -4078. -4077. -4075. -4073. -4072. -4070. -4069. -4067.
 -4065. -4064. -4062. -4060. -4059. -4057. -4055. -4054. -4052. -4051. -4049. -4047. -4046. -4044. -4042. -4041. -4039. -4037. -4036. -4034. -4033.
 -4031. -4029. -4028. -4026. -4024. -4023. -4021. -4019. -4018. -4016. -4014. -4013. -4011. -4010. -4008. -4006. -4005. -4003. -4001. -4000. -3998.
 -3996. -3995. -3993. -3992. -3990. -3988. -3987. -3985. -3983. -3982. -3980. -3978. -3977. -3975. -3974. -3972. -3970. -3969. -3967. -3965. -3964.
 -3962. -3960. -3959. -3957. -3955. -3954. -3952. -3951. -3949. -3947. -3946. -3944. -3942. -3941. -3939. -3937. -3936. -3934. -3933. -3931. -3929.
 -3928. -3926. -3924. -3923. -3921. -3919. -3918. -3916. -3915. -3913. -3911. -3910. -3908. -3906. -3905. -3903. -3901. -3900. -3898. -3897. -3895.
 -3893. -3892. -3890. -3888. -3887. -3885. -3883. -3882. -3880. -3878. -3877. -3875. -3874. -3872. -3870. -3869. -3867. -3865. -3864. -3862. -3860.
 -3859. -3857. -3856. -3854. -3852. -3851. -3849. -3847. -3846. -3844. -3842. -3841. -3839. -3838. -3836. -3834. -3833. -3831. -3829. -3828. -3826.
 -3824. -3823. -3821. -3819. -3818. -3816. -3815. -3813. -3811. -3810. -3808. -3806. -3805. -3803. -3801. -3800. -3798. -3797. -3795. -3793. -3792.
 -3790. -3788. -3787. -3785. -3783. -3782. -3780. -3779. -3777. -3775. -3774. -3772. -3770. -3769. -3767. -3765. -3764. -3762. -3761. -3759. -3757.
 -3756. -3754. -3752. -3751. -3749. -3747. -3746. -3744. -3742. -3741. -3739. -3738. -3736. -3734. -3733. -3731. -3729. -3728. -3726. -3724. -3723.
 -3721. -3720. -3718. -3716. -3715. -3713. -3711. -3710. -3708. -3706. -3705. -3703. -3702. -3700. -3698. -3697. -3695. -3693. -3692. -3690. -3688.
 -3687. -3685. -3683. -3682. -3680. -3679. -3677. -3675. -3674. -3672. -3670. -3669. -3667. -3665. -3664. -3662. -3661. -3659. -3657. -3656. -3654.
 -3652. -3651. -3649. -3647. -3646. -3644. -3643. -3641. -3639. -3638. -3636. -3634. -3633. -3631. -3629. -3628. -3626. -3625. -3623. -3621. -3620.
 -3618. -3616. -3615. -3613. -3611. -3610. -3608. -3606. -3605. -3603. -3602. -3600. -3598. -3597. -3595. -3593. -3592. -3590. -3588. -3587. -3585.
 -3584. -3582. -3580. -3579. -3577. -3575. -3574. -3572. -3570. -3569. -3567. -3566. -3564. -3562. -3561. -3559. -3557. -3556. -3554. -3552. -3551.
 -3549. -3547. -3546. -3544. -3543. -3541. -3539. -3538. -3536. -3534. -3533. -3531. -3529. -3528. -3526. -3525. -3523. -3521. -3520. -3518. -3516.
 -3515. -3513. -3511. -3510. -3508. -3507. -3505. -3503. -3502. -3500. -3498. -3497. -3495. -3493. -3492. -3490. -3489. -3487. -3485. -3484. -3482.
 -3480. -3479. -3477. -3475. -3474. -3472. -3470. -3469. -3467. -3466. -3464. -3462. -3461. -3459. -3457. -3456. -3454. -3452. -3451. -3449. -3448.
 -3446. -3444. -3443. -3441. -3439. -3438. -3436. -3434. -3433. -3431. -3430. -3428. -3426. -3425. -3423. -3421. -3420. -3418. -3416. -3415. -3413.
 -3411. -3410. -3408. -3407. -3405. -3403. -3402. -3400. -3398. -3397. -3395. -3393. -3392. -3390. -3389. -3387. -3385. -3384. -3382. -3380. -3379.
 -3377. -3375. -3374. -3372. -3371. -3369. -3367. -3366. -3364. -3362. -3361. -3359. -3357. -3356. -3354. -3353. -3351. -3349. -3348. -3346. -3344.
 -3343. -3341. -3339. -3338. -3336. -3334. -3333. -3331. -3330. -3328. -3326. -3325. -3323. -3321. -3320. -3318. -3316. -3315. -3313. -3312. -3310.
 -3308. -3307. -3305. -3303. -3302. -3300. -3298. -3297. -3295. -3294. -3292. -3290. -3289. -3287. -3285. -3284. -3282. -3280. -3279. -3277. -3275.
 -3274. -3272. -3271. -3269. -3267. -3266. -3264. -3262. -3261. -3259. -3257. -3256. -3254. -3253. -3251. -3249. -3248. -3246. -3244. -3243. -3241.
 -3239. -3238. -3236. -3235. -3233. -3231. -3230. -3228. -3226. -3225. -3223. -3221. -3220. -3218. -3217. -3215. -3213. -3212. -3210. -3208. -3207.
 -3205. -3203. -3202. -3200. -3198. -3197. -3195. -3194. -3192. -3190. -3189. -3187. -3185. -3184. -3182. -3180. -3179. -3177. -3176. -3174. -3172.
 -3171. -3169. -3167. -3166. -3164. -3162. -3161. -3159. -3158. -3156. -3154. -3153. -3151. -3149. -3148. -3146. -3144. -3143. -3141. -3139. -3138.
 -3136. -3135. -3133. -3131. -3130. -3128. -3126. -3125. -3123. -3121. -3120. -3118. -3117. -3115. -3113. -3112. -3110. -3108. -3107. -3105. -3103.
 -3102. -3100. -3099. -3097. -3095. -3094. -3092. -3090. -3089. -3087. -3085. -3084. -3082. -3081. -3079. -3077. -3076. -3074. -3072. -3071. -3069.
 -3067. -3066. -3064. -3062. -3061. -3059. -3058. -3056. -3054. -3053. -3051. -3049. -3048. -3046. -3044. -3043. -3041. -3040. -3038. -3036. -3035.
 -3033. -3031. -3030. -3028. -3026. -3025. -3023. -3022. -3020. -3018. -3017. -3015. -3013. -3012. -3010. -3008. -3007. -3005. -3003. -3002. -3000.
 -2999. -2997. -2995. -2994. -2992. -2990. -2989. -2987. -2985. -2984. -2982. -2981. -2979. -2977. -2976. -2974. -2972. -2971. -2969. -2967. -2966.
 -2964. -2963. -2961. -2959. -2958. -2956. -2954. -2953. -2951. -2949. -2948. -2946. -2944. -2943. -2941. -2940. -2938. -2936. -2935. -2933. -2931.
 -2930. -2928. -2926. -2925. -2923. -2922. -2920. -2918. -2917. -2915. -2913. -2912. -2910. -2908. -2907. -2905. -2904. -2902. -2900. -2899. -2897.
 -2895. -2894. -2892. -2890. -2889. -2887. -2886. -2884. -2882. -2881. -2879. -2877. -2876. -2874. -2872. -2871. -2869. -2867. -2866. -2864. -2863.
 -2861. -2859. -2858. -2856. -2854. -2853. -2851. -2849. -2848. -2846. -2845. -2843. -2841. -2840. -2838. -2836. -2835. -2833. -2831. -2830. -2828.
 -2827. -2825. -2823. -2822. -2820. -2818. -2817. -2815. -2813. -2812. -2810. -2808. -2807. -2805. -2804. -2802. -2800. -2799. -2797. -2795. -2794.
 -2792. -2790. -2789. -2787. -2786. -2784. -2782. -2781. -2779. -2777. -2776. -2774. -2772. -2771. -2769. -2768. -2766. -2764. -2763. -2761. -2759.
 -2758. -2756. -2754. -2753. -2751. -2750. -2748. -2746. -2745. -2743. -2741. -2740. -2738. -2736. -2735. -2733. -2731. -2730. -2728. -2727. -2725.
 -2723. -2722. -2720. -2718. -2717. -2715. -2713. -2712. -2710. -2709. -2707. -2705. -2704. -2702. -2700. -2699. -2697. -2695. -2694. -2692. -2691.
 -2689. -2687. -2686. -2684. -2682. -2681. -2679. -2677. -2676. -2674. -2672. -2671. -2669. -2668. -2666. -2664. -2663. -2661. -2659. -2658. -2656.
 -2654. -2653. -2651. -2650. -2648. -2646. -2645. -2643. -2641. -2640. -2638. -2636. -2635. -2633. -2632. -2630. -2628. -2627. -2625. -2623. -2622.
 -2620. -2618. -2617. -2615. -2614. -2612. -2610. -2609. -2607. -2605. -2604. -2602. -2600. -2599. -2597. -2595. -2594. -2592. -2591. -2589. -2587.
 -2586. -2584. -2582. -2581. -2579. -2577. -2576. -2574. -2573. -2571. -2569. -2568. -2566. -2564. -2563. -2561. -2559. -2558. -2556. -2555. -2553.
 -2551. -2550. -2548. -2546. -2545. -2543. -2541. -2540. -2538. -2536. -2535. -2533. -2532. -2530. -2528. -2527. -2525. -2523. -2522. -2520. -2518.
 -2517. -2515. -2514. -2512. -2510. -2509. -2507. -2505. -2504. -2502. -2500. -2499. -2497. -2496. -2494. -2492. -2491. -2489. -2487. -2486. -2484.
 -2482. -2481. -2479. -2478. -2476. -2474. -2473. -2471. -2469. -2468. -2466. -2464. -2463. -2461. -2459. -2458. -2456. -2455. -2453. -2451. -2450.
 -2448. -2446. -2445. -2443. -2441. -2440. -2438. -2437. -2435. -2433. -2432. -2430. -2428. -2427. -2425. -2423. -2422. -2420. -2419. -2417. -2415.
 -2414. -2412. -2410. -2409. -2407. -2405. -2404. -2402. -2400. -2399. -2397. -2396. -2394. -2392. -2391. -2389. -2387. -2386. -2384. -2382. -2381.
 -2379. -2378. -2376. -2374. -2373. -2371. -2369. -2368. -2366. -2364. -2363. -2361. -2360. -2358. -2356. -2355. -2353. -2351. -2350. -2348. -2346.
 -2345. -2343. -2342. -2340. -2338. -2337. -2335. -2333. -2332. -2330. -2328. -2327. -2325. -2323. -2322. -2320. -2319. -2317. -2315. -2314. -2312.
 -2310. -2309. -2307. -2305. -2304. -2302. -2301. -2299. -2297. -2296. -2294. -2292. -2291. -2289. -2287. -2286. -2284. -2283. -2281. -2279. -2278.
 -2276. -2274. -2273. -2271. -2269. -2268. -2266. -2264. -2263. -2261. -2260. -2258. -2256. -2255. -2253. -2251. -2250. -2248. -2246. -2245. -2243.
 -2242. -2240. -2238. -2237. -2235. -2233. -2232. -2230. -2228. -2227. -2225. -2224. -2222. -2220. -2219. -2217. -2215. -2214. -2212. -2210. -2209.
 -2207. -2206. -2204. -2202. -2201. -2199. -2197. -2196. -2194. -2192. -2191. -2189. -2187. -2186. -2184. -2183. -2181. -2179. -2178. -2176. -2174.
 -2173. -2171. -2169. -2168. -2166. -2165. -2163. -2161. -2160. -2158. -2156. -2155. -2153. -2151. -2150. -2148. -2147. -2145. -2143. -2142. -2140.
 -2138. -2137. -2135. -2133. -2132. -2130. -2128. -2127. -2125. -2124. -2122. -2120. -2119. -2117. -2115. -2114. -2112. -2110. -2109. -2107. -2106.
 -2104. -2102. -2101. -2099. -2097. -2096. -2094. -2092. -2091. -2089. -2088. -2086. -2084. -2083. -2081. -2079. -2078. -2076. -2074. -2073. -2071.
 -2070. -2068. -2066. -2065. -2063. -2061. -2060. -2058. -2056. -2055. -2053. -2051. -2050. -2048. -2047. -2045. -2043. -2042. -2040. -2038. -2037.
 -2035. -2033. -2032. -2030. -2029. -2027. -2025. -2024. -2022. -2020. -2019. -2017. -2015. -2014. -2012. -2011. -2009. -2007. -2006. -2004. -2002.
 -2001. -1999. -1997. -1996. -1994. -1992. -1991. -1989. -1988. -1986. -1984. -1983. -1981. -1979. -1978. -1976. -1974. -1973. -1971. -1970. -1968.
 -1966. -1965. -1963. -1961. -1960. -1958. -1956. -1955. -1953. -1952. -1950. -1948. -1947. -1945. -1943. -1942. -1940. -1938. -1937. -1935. -1934.
 -1932. -1930. -1929. -1927. -1925. -1924. -1922. -1920. -1919. -1917. -1915. -1914. -1912. -1911. -1909. -1907. -1906. -1904. -1902. -1901. -1899.
 -1897. -1896. -1894. -1893. -1891. -1889. -1888. -1886. -1884. -1883. -1881. -1879. -1878. -1876. -1875. -1873. -1871. -1870. -1868. -1866. -1865.
 -1863. -1861. -1860. -1858. -1856. -1855. -1853. -1852. -1850. -1848. -1847. -1845. -1843. -1842. -1840. -1838. -1837. -1835. -1834. -1832. -1830.
 -1829. -1827. -1825. -1824. -1822. -1820. -1819. -1817. -1816. -1814. -1812. -1811. -1809. -1807. -1806. -1804. -1802. -1801. -1799. -1798. -1796.
 -1794. -1793. -1791. -1789. -1788. -1786. -1784. -1783. -1781. -1779. -1778. -1776. -1775. -1773. -1771. -1770. -1768. -1766. -1765. -1763. -1761.
 -1760. -1758. -1757. -1755. -1753. -1752. -1750. -1748. -1747. -1745. -1743. -1742. -1740. -1739. -1737. -1735. -1734. -1732. -1730. -1729. -1727.
 -1725. -1724. -1722. -1720. -1719. -1717. -1716. -1714. -1712. -1711. -1709. -1707. -1706. -1704. -1702. -1701. -1699. -1698. -1696. -1694. -1693.
 -1691. -1689. -1688. -1686. -1684. -1683. -1681. -1680. -1678. -1676. -1675. -1673. -1671. -1670. -1668. -1666. -1665. -1663. -1662. -1660. -1658.
 -1657. -1655. -1653. -1652. -1650. -1648. -1647. -1645. -1643. -1642. -1640. -1639. -1637. -1635. -1634. -1632. -1630. -1629. -1627. -1625. -1624.
 -1622. -1621. -1619. -1617. -1616. -1614. -1612. -1611. -1609. -1607. -1606. -1604. -1603. -1601. -1599. -1598. -1596. -1594. -1593. -1591. -1589.
 -1588. -1586. -1584. -1583. -1581. -1580. -1578. -1576. -1575. -1573. -1571. -1570. -1568. -1566. -1565. -1563. -1562. -1560. -1558. -1557. -1555.
 -1553. -1552. -1550. -1548. -1547. -1545. -1544. -1542. -1540. -1539. -1537. -1535. -1534. -1532. -1530. -1529. -1527. -1526. -1524. -1522. -1521.
 -1519. -1517. -1516. -1514. -1512. -1511. -1509. -1507. -1506. -1504. -1503. -1501. -1499. -1498. -1496. -1494. -1493. -1491. -1489. -1488. -1486.
 -1485. -1483. -1481. -1480. -1478. -1476. -1475. -1473. -1471. -1470. -1468. -1467. -1465. -1463. -1462. -1460. -1458. -1457. -1455. -1453. -1452.
 -1450. -1448. -1447. -1445. -1444. -1442. -1440. -1439. -1437. -1435. -1434. -1432. -1430. -1429. -1427. -1426. -1424. -1422. -1421. -1419. -1417.
 -1416. -1414. -1412. -1411. -1409. -1408. -1406. -1404. -1403. -1401. -1399. -1398. -1396. -1394. -1393. -1391. -1390. -1388. -1386. -1385. -1383.
 -1381. -1380. -1378. -1376. -1375. -1373. -1371. -1370. -1368. -1367. -1365. -1363. -1362. -1360. -1358. -1357. -1355. -1353. -1352. -1350. -1349.
 -1347. -1345. -1344. -1342. -1340. -1339. -1337. -1335. -1334. -1332. -1331. -1329. -1327. -1326. -1324. -1322. -1321. -1319. -1317. -1316. -1314.
 -1312. -1311. -1309. -1308. -1306. -1304. -1303. -1301. -1299. -1298. -1296. -1294. -1293. -1291. -1290. -1288. -1286. -1285. -1283. -1281. -1280.
 -1278. -1276. -1275. -1273. -1272. -1270. -1268. -1267. -1265. -1263. -1262. -1260. -1258. -1257. -1255. -1254. -1252. -1250. -1249. -1247. -1245.
 -1244. -1242. -1240. -1239. -1237. -1235. -1234. -1232. -1231. -1229. -1227. -1226. -1224. -1222. -1221. -1219. -1217. -1216. -1214. -1213. -1211.
 -1209. -1208. -1206. -1204. -1203. -1201. -1199. -1198. -1196. -1195. -1193. -1191. -1190. -1188. -1186. -1185. -1183. -1181. -1180. -1178. -1176.
 -1175. -1173. -1172. -1170. -1168. -1167. -1165. -1163. -1162. -1160. -1158. -1157. -1155. -1154. -1152. -1150. -1149. -1147. -1145. -1144. -1142.
 -1140. -1139. -1137. -1136. -1134. -1132. -1131. -1129. -1127. -1126. -1124. -1122. -1121. -1119. -1118. -1116. -1114. -1113. -1111. -1109. -1108.
 -1106. -1104. -1103. -1101. -1099. -1098. -1096. -1095. -1093. -1091. -1090. -1088. -1086. -1085. -1083. -1081. -1080. -1078. -1077. -1075. -1073.
 -1072. -1070. -1068. -1067. -1065. -1063. -1062. -1060. -1059. -1057. -1055. -1054. -1052. -1050. -1049. -1047. -1045. -1044. -1042. -1040. -1039.
 -1037. -1036. -1034. -1032. -1031. -1029. -1027. -1026. -1024. -1022. -1021. -1019. -1018. -1016. -1014. -1013. -1011. -1009. -1008. -1006. -1004.
 -1003. -1001. -1000.  -998.  -996.  -995.  -993.  -991.  -990.  -988.  -986.  -985.  -983.  -981.  -980.  -978.  -977.  -975.  -973.  -972.  -970.
  -968.  -967.  -965.  -963.  -962.  -960.  -959.  -957.  -955.  -954.  -952.  -950.  -949.  -947.  -945.  -944.  -942.  -941.  -939.  -937.  -936.
  -934.  -932.  -931.  -929.  -927.  -926.  -924.  -923.  -921.  -919.  -918.  -916.  -914.  -913.  -911.  -909.  -908.  -906.  -904.  -903.  -901.
  -900.  -898.  -896.  -895.  -893.  -891.  -890.  -888.  -886.  -885.  -883.  -882.  -880.  -878.  -877.  -875.  -873.  -872.  -870.  -868.  -867.
  -865.  -864.  -862.  -860.  -859.  -857.  -855.  -854.  -852.  -850.  -849.  -847.  -845.  -844.  -842.  -841.  -839.  -837.  -836.  -834.  -832.
  -831.  -829.  -827.  -826.  -824.  -823.  -821.  -819.  -818.  -816.  -814.  -813.  -811.  -809.  -808.  -806.  -805.  -803.  -801.  -800.  -798.
  -796.  -795.  -793.  -791.  -790.  -788.  -787.  -785.  -783.  -782.  -780.  -778.  -777.  -775.  -773.  -772.  -770.  -768.  -767.  -765.  -764.
  -762.  -760.  -759.  -757.  -755.  -754.  -752.  -750.  -749.  -747.  -746.  -744.  -742.  -741.  -739.  -737.  -736.  -734.  -732.  -731.  -729.
  -728.  -726.  -724.  -723.  -721.  -719.  -718.  -716.  -714.  -713.  -711.  -709.  -708.  -706.  -705.  -703.  -701.  -700.  -698.  -696.  -695.
  -693.  -691.  -690.  -688.  -687.  -685.  -683.  -682.  -680.  -678.  -677.  -675.  -673.  -672.  -670.  -669.  -667.  -665.  -664.  -662.  -660.
  -659.  -657.  -655.  -654.  -652.  -651.  -649.  -647.  -646.  -644.  -642.  -641.  -639.  -637.  -636.  -634.  -632.  -631.  -629.  -628.  -626.
  -624.  -623.  -621.  -619.  -618.  -616.  -614.  -613.  -611.  -610.  -608.  -606.  -605.  -603.  -601.  -600.  -598.  -596.  -595.  -593.  -592.
  -590.  -588.  -587.  -585.  -583.  -582.  -580.  -578.  -577.  -575.  -573.  -572.  -570.  -569.  -567.  -565.  -564.  -562.  -560.  -559.  -557.
  -555.  -554.  -552.  -551.  -549.  -547.  -546.  -544.  -542.  -541.  -539.  -537.  -536.  -534.  -533.  -531.  -529.  -528.  -526.  -524.  -523.
  -521.  -519.  -518.  -516.  -515.  -513.  -511.  -510.  -508.  -506.  -505.  -503.  -501.  -500.  -498.  -496.  -495.  -493.  -492.  -490.  -488.
  -487.  -485.  -483.  -482.  -480.  -478.  -477.  -475.  -474.  -472.  -470.  -469.  -467.  -465.  -464.  -462.  -460.  -459.  -457.  -456.  -454.
  -452.  -451.  -449.  -447.  -446.  -444.  -442.  -441.  -439.  -437.  -436.  -434.  -433.  -431.  -429.  -428.  -426.  -424.  -423.  -421.  -419.
  -418.  -416.  -415.  -413.  -411.  -410.  -408.  -406.  -405.  -403.  -401.  -400.  -398.  -397.  -395.  -393.  -392.  -390.  -388.  -387.  -385.
  -383.  -382.  -380.  -379.  -377.  -375.  -374.  -372.  -370.  -369.  -367.  -365.  -364.  -362.  -360.  -359.  -357.  -356.  -354.  -352.  -351.
  -349.  -347.  -346.  -344.  -342.  -341.  -339.  -338.  -336.  -334.  -333.  -331.  -329.  -328.  -326.  -324.  -323.  -321.  -320.  -318.  -316.
  -315.  -313.  -311.  -310.  -308.  -306.  -305.  -303.  -301.  -300.  -298.  -297.  -295.  -293.  -292.  -290.  -288.  -287.  -285.  -283.  -282.
  -280.  -279.  -277.  -275.  -274.  -272.  -270.  -269.  -267.  -265.  -264.  -262.  -261.  -259.  -257.  -256.  -254.  -252.  -251.  -249.  -247.
  -246.  -244.  -243.  -241.  -239.  -238.  -236.  -234.  -233.  -231.  -229.  -228.  -226.  -224.  -223.  -221.  -220.  -218.  -216.  -215.  -213.
  -211.  -210.  -208.  -206.  -205.  -203.  -202.  -200.  -198.  -197.  -195.  -193.  -192.  -190.  -188.  -187.  -185.  -184.  -182.  -180.  -179.
  -177.  -175.  -174.  -172.  -170.  -169.  -167.  -165.  -164.  -162.  -161.  -159.  -157.  -156.  -154.  -152.  -151.  -149.  -147.  -146.  -144.
  -143.  -141.  -139.  -138.  -136.  -134.  -133.  -131.  -129.  -128.  -126.  -125.  -123.  -121.  -120.  -118.  -116.  -115.  -113.  -111.  -110.
  -108.  -107.  -105.  -103.  -102.  -100.   -98.   -97.   -95.   -93.   -92.   -90.   -88.   -87.   -85.   -84.   -82.   -80.   -79.   -77.   -75.
   -74.   -72.   -70.   -69.   -67.   -66.   -64.   -62.   -61.   -59.   -57.   -56.   -54.   -52.   -51.   -49.   -48.   -46.   -44.   -43.   -41.
   -39.   -38.   -36.   -34.   -33.   -31.   -29.   -28.   -26.   -25.   -23.   -21.   -20.   -18.   -16.   -15.   -13.   -11.   -10.    -8.    -7.
    -5.    -3.    -2.    -0.]
